0.0960188
0.0960184
0.0960179
0.0960175
0.0960171
0.0960167
0.0960163
0.0960158
0.0960154
0.096015
0.0960146
0.0960141
0.0960137
0.0960133
0.0960129
0.0960125
0.096012
0.0960116
0.0960112
0.0960108
0.0960103
0.0960099
0.0960095
0.0960091
0.0960087
0.0960082
0.0960078
0.0960074
0.096007
0.0960065
0.0960061
0.0960057
0.0960053
0.0960049
0.0960044
0.096004
0.0960036
0.0960032
0.0960028
0.0960023
0.0960019
0.0960015
0.0960011
0.0960006
0.0960002
0.0959998
0.0959994
0.095999
0.0959985
0.0959981
0.0959977
0.0959973
0.0959968
0.0959964
0.095996
0.0959956
0.0959952
0.0959947
0.0959943
0.0959939
0.0959935
0.095993
0.0959926
0.0959922
0.0959918
0.0959914
0.0959909
0.0959905
0.0959901
0.0959897
0.0959892
0.0959888
0.0959884
0.095988
0.0959876
0.0959871
0.0959867
0.0959863
0.0959859
0.0959854
0.095985
0.0959846
0.0959842
0.0959838
0.0959833
0.0959829
0.0959825
0.0959821
0.0959817
0.0959812
0.0959808
0.0959804
0.09598
0.0959795
0.0959791
0.0959787
0.0959783
0.0959779
0.0959774
0.095977
0.0959766
0.0959762
0.0959757
0.0959753
0.0959749
0.0959745
0.0959741
0.0959736
0.0959732
0.0959728
0.0959724
0.0959719
0.0959715
0.0959711
0.0959707
0.0959703
0.0959698
0.0959694
0.095969
0.0959686
0.0959681
0.0959677
0.0959673
0.0959669
0.0959665
0.095966
0.0959656
0.0959652
0.0959648
0.0959643
0.0959639
0.0959635
0.0959631
0.0959627
0.0959622
0.0959618
0.0959614
0.095961
0.0959606
0.0959601
0.0959597
0.0959593
0.0959589
0.0959584
0.095958
0.0959576
0.0959572
0.0959568
0.0959563
0.0959559
0.0959555
0.0959551
0.0959546
0.0959542
0.0959538
0.0959534
0.095953
0.0959525
0.0959521
0.0959517
0.0959513
0.0959509
0.0959504
0.09595
0.0959496
0.0959492
0.0959487
0.0959483
0.0959479
0.0959475
0.0959471
0.0959466
0.0959462
0.0959458
0.0959454
0.0959449
0.0959445
0.0959441
0.0959437
0.0959433
0.0959428
0.0959424
0.095942
0.0959416
0.0959412
0.0959407
0.0959403
0.0959399
0.0959395
0.095939
0.0959386
0.0959382
0.0959378
0.0959374
0.0959369
0.0959365
0.0959361
0.0959357
0.0959352
0.0959348
0.0959344
0.095934
0.0959336
0.0959331
0.0959327
0.0959323
0.0959319
0.0959315
0.095931
0.0959306
0.0959302
0.0959298
0.0959293
0.0959289
0.0959285
0.0959281
0.0959277
0.0959272
0.0959268
0.0959264
0.095926
0.0959255
0.0959251
0.0959247
0.0959243
0.0959239
0.0959234
0.095923
0.0959226
0.0959222
0.0959218
0.0959213
0.0959209
0.0959205
0.0959201
0.0959197
0.0959192
0.0959188
0.0959184
0.095918
0.0959175
0.0959171
0.0959167
0.0959163
0.0959159
0.0959154
0.095915
0.0959146
0.0959142
0.0959137
0.0959133
0.0959129
0.0959125
0.0959121
0.0959116
0.0959112
0.0959108
0.0959104
0.0959099
0.0959095
0.0959091
0.0959087
0.0959083
0.0959078
0.0959074
0.095907
0.0959066
0.0959062
0.0959057
0.0959053
0.0959049
0.0959045
0.095904
0.0959036
0.0959032
0.0959028
0.0959024
0.0959019
0.0959015
0.0959011
0.0959007
0.0959003
0.0958998
0.0958994
0.095899
0.0958986
0.0958981
0.0958977
0.0958973
0.0958969
0.0958965
0.095896
0.0958956
0.0958952
0.0958948
0.0958944
0.0958939
0.0958935
0.0958931
0.0958927
0.0958922
0.0958918
0.0958914
0.095891
0.0958906
0.0958901
0.0958897
0.0958893
0.0958889
0.0958885
0.095888
0.0958876
0.0958872
0.0958868
0.0958863
0.0958859
0.0958855
0.0958851
0.0958847
0.0958842
0.0958838
0.0958834
0.095883
0.0958825
0.0958821
0.0958817
0.0958813
0.0958809
0.0958804
0.09588
0.0958796
0.0958792
0.0958788
0.0958783
0.0958779
0.0958775
0.0958771
0.0958766
0.0958762
0.0958758
0.0958754
0.095875
0.0958745
0.0958741
0.0958737
0.0958733
0.0958729
0.0958724
0.095872
0.0958716
0.0958712
0.0958707
0.0958703
0.0958699
0.0958695
0.0958691
0.0958686
0.0958682
0.0958678
0.0958674
0.095867
0.0958665
0.0958661
0.0958657
