62.413
62.2614
62.1101
61.9591
61.8086
61.6584
61.5086
61.3591
61.21
61.0613
60.9129
60.7649
60.6172
60.47
60.323
60.1764
60.0302
59.8843
59.7388
59.5937
59.4489
59.3044
59.1603
59.0166
58.8731
58.7301
58.5874
58.445
58.303
58.1613
58.02
57.879
57.7384
57.5981
57.4581
57.3185
57.1792
57.0403
56.9017
56.7634
56.6255
56.4879
56.3506
56.2137
56.0771
55.9408
55.8049
55.6693
55.534
55.3991
55.2645
55.1302
54.9962
54.8626
54.7293
54.5963
54.4636
54.3313
54.1993
54.0676
53.9362
53.8051
53.6744
53.544
53.4139
53.2841
53.1546
53.0254
52.8966
52.7681
52.6398
52.5119
52.3843
52.257
52.1301
52.0034
51.877
51.751
51.6252
51.4998
51.3746
51.2498
51.1253
51.001
50.8771
50.7535
50.6302
50.5071
50.3844
50.262
50.1398
50.018
49.8965
49.7752
49.6543
49.5336
49.4133
49.2932
49.1734
49.0539
48.9347
48.8158
48.6972
48.5789
48.4608
48.3431
48.2256
48.1084
47.9915
47.8749
47.7586
47.6425
47.5268
47.4113
47.2961
47.1811
47.0665
46.9521
46.838
46.7242
46.6107
46.4974
46.3844
46.2717
46.1593
46.0471
45.9352
45.8236
45.7123
45.6012
45.4904
45.3799
45.2696
45.1596
45.0499
44.9404
44.8312
44.7222
44.6136
44.5052
44.397
44.2892
44.1815
44.0742
43.9671
43.8602
43.7537
43.6473
43.5413
43.4355
43.3299
43.2247
43.1196
43.0148
42.9103
42.8061
42.702
42.5983
42.4948
42.3915
42.2885
42.1857
42.0832
41.981
41.879
41.7772
41.6757
41.5744
41.4734
41.3726
41.2721
41.1718
41.0718
40.972
40.8724
40.7731
40.674
40.5752
40.4766
40.3782
40.2801
40.1822
40.0846
39.9872
39.89
39.7931
39.6964
39.6
39.5037
39.4077
39.312
39.2165
39.1212
39.0261
38.9313
38.8367
38.7423
38.6482
38.5543
38.4606
38.3671
38.2739
38.1809
38.0881
37.9956
37.9032
37.8111
37.7192
37.6276
37.5362
37.445
37.354
37.2632
37.1726
37.0823
36.9922
36.9023
36.8127
36.7232
36.634
36.545
36.4562
36.3676
36.2792
36.191
36.1031
36.0154
35.9279
35.8406
35.7535
35.6666
35.5799
35.4935
35.4072
35.3212
35.2354
35.1497
35.0643
34.9791
34.8941
34.8093
34.7248
34.6404
34.5562
34.4722
34.3885
34.3049
34.2216
34.1384
34.0555
33.9727
33.8902
33.8078
33.7257
33.6437
33.562
33.4804
33.399
33.3179
33.2369
33.1562
33.0756
32.9952
32.9151
32.8351
32.7553
32.6757
32.5963
32.5171
32.4381
32.3593
32.2806
32.2022
32.1239
32.0459
31.968
31.8903
31.8128
31.7355
31.6584
31.5815
31.5048
31.4282
31.3518
31.2757
31.1997
31.1238
31.0482
30.9728
30.8975
30.8224
30.7475
30.6728
30.5983
30.5239
30.4498
30.3758
30.302
30.2283
30.1549
30.0816
30.0085
29.9356
29.8629
29.7903
29.7179
29.6457
29.5737
29.5018
29.4301
29.3586
29.2873
29.2161
29.1451
29.0743
29.0036
28.9332
28.8629
28.7927
28.7227
28.653
28.5833
28.5139
28.4446
28.3755
28.3065
28.2377
28.1691
28.1007
28.0324
27.9643
27.8963
27.8285
27.7609
27.6935
27.6262
27.559
27.4921
27.4253
27.3586
27.2922
27.2258
27.1597
27.0937
27.0279
26.9622
26.8967
26.8313
26.7661
26.7011
26.6362
26.5715
26.5069
26.4425
26.3782
26.3141
26.2502
26.1864
26.1228
26.0593
25.996
25.9328
25.8698
25.8069
