2.82552
2.82522
2.82493
2.82463
2.82433
2.82404
2.82374
2.82345
2.82315
2.82285
2.82256
2.82226
2.82197
2.82167
2.82137
2.82108
2.82078
2.82049
2.82019
2.8199
2.8196
2.8193
2.81901
2.81871
2.81842
2.81812
2.81783
2.81753
2.81723
2.81694
2.81664
2.81635
2.81605
2.81576
2.81546
2.81517
2.81487
2.81458
2.81428
2.81399
2.81369
2.8134
2.8131
2.81281
2.81251
2.81222
2.81192
2.81163
2.81133
2.81104
2.81074
2.81045
2.81015
2.80986
2.80956
2.80927
2.80898
2.80868
2.80839
2.80809
2.8078
2.8075
2.80721
2.80691
2.80662
2.80633
2.80603
2.80574
2.80544
2.80515
2.80485
2.80456
2.80427
2.80397
2.80368
2.80338
2.80309
2.8028
2.8025
2.80221
2.80192
2.80162
2.80133
2.80103
2.80074
2.80045
2.80015
2.79986
2.79957
2.79927
2.79898
2.79869
2.79839
2.7981
2.7978
2.79751
2.79722
2.79692
2.79663
2.79634
2.79605
2.79575
2.79546
2.79517
2.79487
2.79458
2.79429
2.79399
2.7937
2.79341
2.79311
2.79282
2.79253
2.79224
2.79194
2.79165
2.79136
2.79107
2.79077
2.79048
2.79019
2.78989
2.7896
2.78931
2.78902
2.78872
2.78843
2.78814
2.78785
2.78756
2.78726
2.78697
2.78668
2.78639
2.78609
2.7858
2.78551
2.78522
2.78493
2.78463
2.78434
2.78405
2.78376
2.78347
2.78317
2.78288
2.78259
2.7823
2.78201
2.78172
2.78142
2.78113
2.78084
2.78055
2.78026
2.77997
2.77967
2.77938
2.77909
2.7788
2.77851
2.77822
2.77793
2.77763
2.77734
2.77705
2.77676
2.77647
2.77618
2.77589
2.7756
2.77531
2.77501
2.77472
2.77443
2.77414
2.77385
2.77356
2.77327
2.77298
2.77269
2.7724
2.77211
2.77182
2.77152
2.77123
2.77094
2.77065
2.77036
2.77007
2.76978
2.76949
2.7692
2.76891
2.76862
2.76833
2.76804
2.76775
2.76746
2.76717
2.76688
2.76659
2.7663
2.76601
2.76572
2.76543
2.76514
2.76485
2.76456
2.76427
2.76398
2.76369
2.7634
2.76311
2.76282
2.76253
2.76224
2.76195
2.76166
2.76137
2.76108
2.76079
2.7605
2.76021
2.75992
2.75963
2.75935
2.75906
2.75877
2.75848
2.75819
2.7579
2.75761
2.75732
2.75703
2.75674
2.75645
2.75616
2.75588
2.75559
2.7553
2.75501
2.75472
2.75443
2.75414
2.75385
2.75356
2.75328
2.75299
2.7527
2.75241
2.75212
2.75183
2.75154
2.75126
2.75097
2.75068
2.75039
2.7501
2.74981
2.74953
2.74924
2.74895
2.74866
2.74837
2.74808
2.7478
2.74751
2.74722
2.74693
2.74664
2.74636
2.74607
2.74578
2.74549
2.7452
2.74492
2.74463
2.74434
2.74405
2.74376
2.74348
2.74319
2.7429
2.74261
2.74233
2.74204
2.74175
2.74146
2.74118
2.74089
2.7406
2.74031
2.74003
2.73974
2.73945
2.73917
2.73888
2.73859
2.7383
2.73802
2.73773
2.73744
2.73716
2.73687
2.73658
2.73629
2.73601
2.73572
2.73543
2.73515
2.73486
2.73457
2.73429
2.734
2.73371
2.73343
2.73314
2.73285
2.73257
2.73228
2.73199
2.73171
2.73142
2.73113
2.73085
2.73056
2.73028
2.72999
2.7297
2.72942
2.72913
2.72884
2.72856
2.72827
2.72799
2.7277
2.72741
2.72713
2.72684
2.72656
2.72627
2.72598
2.7257
2.72541
2.72513
2.72484
2.72456
2.72427
2.72398
2.7237
2.72341
2.72313
2.72284
2.72256
2.72227
2.72199
2.7217
2.72141
2.72113
2.72084
2.72056
2.72027
2.71999
