19.0359
19.029
19.0222
19.0153
19.0084
19.0015
18.9946
18.9877
18.9808
18.974
18.9671
18.9602
18.9533
18.9465
18.9396
18.9327
18.9259
18.919
18.9122
18.9053
18.8985
18.8916
18.8848
18.8779
18.8711
18.8643
18.8574
18.8506
18.8438
18.8369
18.8301
18.8233
18.8165
18.8096
18.8028
18.796
18.7892
18.7824
18.7756
18.7688
18.762
18.7552
18.7484
18.7416
18.7348
18.728
18.7212
18.7144
18.7077
18.7009
18.6941
18.6873
18.6806
18.6738
18.667
18.6603
18.6535
18.6467
18.64
18.6332
18.6265
18.6197
18.613
18.6062
18.5995
18.5928
18.586
18.5793
18.5726
18.5658
18.5591
18.5524
18.5457
18.5389
18.5322
18.5255
18.5188
18.5121
18.5054
18.4987
18.492
18.4853
18.4786
18.4719
18.4652
18.4585
18.4518
18.4451
18.4384
18.4318
18.4251
18.4184
18.4117
18.4051
18.3984
18.3917
18.3851
18.3784
18.3717
18.3651
18.3584
18.3518
18.3451
18.3385
18.3318
18.3252
18.3185
18.3119
18.3053
18.2986
18.292
18.2854
18.2788
18.2721
18.2655
18.2589
18.2523
18.2457
18.2391
18.2324
18.2258
18.2192
18.2126
18.206
18.1994
18.1928
18.1863
18.1797
18.1731
18.1665
18.1599
18.1533
18.1468
18.1402
18.1336
18.127
18.1205
18.1139
18.1073
18.1008
18.0942
18.0877
18.0811
18.0746
18.068
18.0615
18.0549
18.0484
18.0418
18.0353
18.0288
18.0222
18.0157
18.0092
18.0026
17.9961
17.9896
17.9831
17.9766
17.9701
17.9635
17.957
17.9505
17.944
17.9375
17.931
17.9245
17.918
17.9115
17.905
17.8986
17.8921
17.8856
17.8791
17.8726
17.8662
17.8597
17.8532
17.8467
17.8403
17.8338
17.8273
17.8209
17.8144
17.808
17.8015
17.7951
17.7886
17.7822
17.7757
17.7693
17.7629
17.7564
17.75
17.7436
17.7371
17.7307
17.7243
17.7179
17.7114
17.705
17.6986
17.6922
17.6858
17.6794
17.673
17.6666
17.6602
17.6538
17.6474
17.641
17.6346
17.6282
17.6218
17.6154
17.609
17.6027
17.5963
17.5899
17.5835
17.5772
17.5708
17.5644
17.5581
17.5517
17.5453
17.539
17.5326
17.5263
17.5199
17.5136
17.5072
17.5009
17.4945
17.4882
17.4819
17.4755
17.4692
17.4629
17.4565
17.4502
17.4439
17.4376
17.4313
17.4249
17.4186
17.4123
17.406
17.3997
17.3934
17.3871
17.3808
17.3745
17.3682
17.3619
17.3556
17.3493
17.343
17.3368
17.3305
17.3242
17.3179
17.3116
17.3054
17.2991
17.2928
17.2866
17.2803
17.274
17.2678
17.2615
17.2553
17.249
17.2428
17.2365
17.2303
17.224
17.2178
17.2115
17.2053
17.1991
17.1928
17.1866
17.1804
17.1742
17.1679
17.1617
17.1555
17.1493
17.1431
17.1369
17.1307
17.1244
17.1182
17.112
17.1058
17.0996
17.0934
17.0872
17.0811
17.0749
17.0687
17.0625
17.0563
17.0501
17.044
17.0378
17.0316
17.0254
17.0193
17.0131
17.0069
17.0008
16.9946
16.9885
16.9823
16.9761
16.97
16.9638
16.9577
16.9516
16.9454
16.9393
16.9331
16.927
16.9209
16.9147
16.9086
16.9025
16.8964
16.8902
16.8841
16.878
16.8719
16.8658
16.8597
16.8535
16.8474
16.8413
16.8352
16.8291
16.823
16.8169
16.8108
16.8048
16.7987
16.7926
16.7865
16.7804
16.7743
16.7683
16.7622
16.7561
16.75
16.744
16.7379
16.7318
16.7258
16.7197
16.7137
16.7076
16.7015
16.6955
16.6894
