0.60324
0.603203
0.603165
0.603127
0.603089
0.603051
0.603013
0.602975
0.602937
0.602899
0.602861
0.602823
0.602785
0.602747
0.602709
0.602671
0.602633
0.602595
0.602557
0.60252
0.602482
0.602444
0.602406
0.602368
0.60233
0.602292
0.602254
0.602216
0.602178
0.60214
0.602102
0.602065
0.602027
0.601989
0.601951
0.601913
0.601875
0.601837
0.601799
0.601761
0.601724
0.601686
0.601648
0.60161
0.601572
0.601534
0.601496
0.601459
0.601421
0.601383
0.601345
0.601307
0.601269
0.601231
0.601194
0.601156
0.601118
0.60108
0.601042
0.601004
0.600967
0.600929
0.600891
0.600853
0.600815
0.600777
0.60074
0.600702
0.600664
0.600626
0.600588
0.600551
0.600513
0.600475
0.600437
0.600399
0.600362
0.600324
0.600286
0.600248
0.60021
0.600173
0.600135
0.600097
0.600059
0.600022
0.599984
0.599946
0.599908
0.599871
0.599833
0.599795
0.599757
0.59972
0.599682
0.599644
0.599606
0.599569
0.599531
0.599493
0.599455
0.599418
0.59938
0.599342
0.599304
0.599267
0.599229
0.599191
0.599154
0.599116
0.599078
0.59904
0.599003
0.598965
0.598927
0.59889
0.598852
0.598814
0.598777
0.598739
0.598701
0.598664
0.598626
0.598588
0.59855
0.598513
0.598475
0.598437
0.5984
0.598362
0.598324
0.598287
0.598249
0.598212
0.598174
0.598136
0.598099
0.598061
0.598023
0.597986
0.597948
0.59791
0.597873
0.597835
0.597797
0.59776
0.597722
0.597685
0.597647
0.597609
0.597572
0.597534
0.597497
0.597459
0.597421
0.597384
0.597346
0.597309
0.597271
0.597233
0.597196
0.597158
0.597121
0.597083
0.597045
0.597008
0.59697
0.596933
0.596895
0.596858
0.59682
0.596782
0.596745
0.596707
0.59667
0.596632
0.596595
0.596557
0.596519
0.596482
0.596444
0.596407
0.596369
0.596332
0.596294
0.596257
0.596219
0.596182
0.596144
0.596107
0.596069
0.596032
0.595994
0.595957
0.595919
0.595881
0.595844
0.595806
0.595769
0.595731
0.595694
0.595657
0.595619
0.595582
0.595544
0.595507
0.595469
0.595432
0.595394
0.595357
0.595319
0.595282
0.595244
0.595207
0.595169
0.595132
0.595094
0.595057
0.595019
0.594982
0.594945
0.594907
0.59487
0.594832
0.594795
0.594757
0.59472
0.594682
0.594645
0.594608
0.59457
0.594533
0.594495
0.594458
0.59442
0.594383
0.594346
0.594308
0.594271
0.594233
0.594196
0.594159
0.594121
0.594084
0.594046
0.594009
0.593972
0.593934
0.593897
0.59386
0.593822
0.593785
0.593747
0.59371
0.593673
0.593635
0.593598
0.593561
0.593523
0.593486
0.593449
0.593411
0.593374
0.593336
0.593299
0.593262
0.593224
0.593187
0.59315
0.593112
0.593075
0.593038
0.593
0.592963
0.592926
0.592888
0.592851
0.592814
0.592776
0.592739
0.592702
0.592665
0.592627
0.59259
0.592553
0.592515
0.592478
0.592441
0.592404
0.592366
0.592329
0.592292
0.592254
0.592217
0.59218
0.592143
0.592105
0.592068
0.592031
0.591994
0.591956
0.591919
0.591882
0.591844
0.591807
0.59177
0.591733
0.591695
0.591658
0.591621
0.591584
0.591546
0.591509
0.591472
0.591435
0.591398
0.59136
0.591323
0.591286
0.591249
0.591211
0.591174
0.591137
0.5911
0.591063
0.591025
0.590988
0.590951
0.590914
0.590877
0.590839
0.590802
0.590765
0.590728
0.590691
0.590654
0.590616
0.590579
0.590542
0.590505
0.590468
0.59043
0.590393
0.590356
0.590319
0.590282
0.590245
0.590208
0.59017
0.590133
0.590096
0.590059
0.590022
0.589985
0.589948
0.58991
0.589873
0.589836
0.589799
0.589762
0.589725
0.589688
0.589651
0.589613
