1.0685
1.06834
1.06817
1.06801
1.06784
1.06768
1.06751
1.06735
1.06718
1.06702
1.06685
1.06669
1.06653
1.06636
1.0662
1.06603
1.06587
1.0657
1.06554
1.06537
1.06521
1.06504
1.06488
1.06472
1.06455
1.06439
1.06422
1.06406
1.06389
1.06373
1.06357
1.0634
1.06324
1.06307
1.06291
1.06274
1.06258
1.06242
1.06225
1.06209
1.06192
1.06176
1.0616
1.06143
1.06127
1.06111
1.06094
1.06078
1.06061
1.06045
1.06029
1.06012
1.05996
1.0598
1.05963
1.05947
1.0593
1.05914
1.05898
1.05881
1.05865
1.05849
1.05832
1.05816
1.058
1.05783
1.05767
1.05751
1.05734
1.05718
1.05702
1.05685
1.05669
1.05653
1.05636
1.0562
1.05604
1.05588
1.05571
1.05555
1.05539
1.05522
1.05506
1.0549
1.05474
1.05457
1.05441
1.05425
1.05408
1.05392
1.05376
1.0536
1.05343
1.05327
1.05311
1.05295
1.05278
1.05262
1.05246
1.0523
1.05213
1.05197
1.05181
1.05165
1.05148
1.05132
1.05116
1.051
1.05083
1.05067
1.05051
1.05035
1.05019
1.05002
1.04986
1.0497
1.04954
1.04937
1.04921
1.04905
1.04889
1.04873
1.04857
1.0484
1.04824
1.04808
1.04792
1.04776
1.04759
1.04743
1.04727
1.04711
1.04695
1.04679
1.04662
1.04646
1.0463
1.04614
1.04598
1.04582
1.04566
1.04549
1.04533
1.04517
1.04501
1.04485
1.04469
1.04453
1.04436
1.0442
1.04404
1.04388
1.04372
1.04356
1.0434
1.04324
1.04308
1.04291
1.04275
1.04259
1.04243
1.04227
1.04211
1.04195
1.04179
1.04163
1.04147
1.04131
1.04114
1.04098
1.04082
1.04066
1.0405
1.04034
1.04018
1.04002
1.03986
1.0397
1.03954
1.03938
1.03922
1.03906
1.0389
1.03874
1.03858
1.03842
1.03826
1.03809
1.03793
1.03777
1.03761
1.03745
1.03729
1.03713
1.03697
1.03681
1.03665
1.03649
1.03633
1.03617
1.03601
1.03585
1.03569
1.03553
1.03537
1.03521
1.03505
1.03489
1.03473
1.03457
1.03442
1.03426
1.0341
1.03394
1.03378
1.03362
1.03346
1.0333
1.03314
1.03298
1.03282
1.03266
1.0325
1.03234
1.03218
1.03202
1.03186
1.0317
1.03154
1.03139
1.03123
1.03107
1.03091
1.03075
1.03059
1.03043
1.03027
1.03011
1.02995
1.02979
1.02963
1.02948
1.02932
1.02916
1.029
1.02884
1.02868
1.02852
1.02836
1.02821
1.02805
1.02789
1.02773
1.02757
1.02741
1.02725
1.02709
1.02694
1.02678
1.02662
1.02646
1.0263
1.02614
1.02599
1.02583
1.02567
1.02551
1.02535
1.02519
1.02504
1.02488
1.02472
1.02456
1.0244
1.02424
1.02409
1.02393
1.02377
1.02361
1.02345
1.0233
1.02314
1.02298
1.02282
1.02266
1.02251
1.02235
1.02219
1.02203
1.02187
1.02172
1.02156
1.0214
1.02124
1.02109
1.02093
1.02077
1.02061
1.02046
1.0203
1.02014
1.01998
1.01983
1.01967
1.01951
1.01935
1.0192
1.01904
1.01888
1.01872
1.01857
1.01841
1.01825
1.0181
1.01794
1.01778
1.01762
1.01747
1.01731
1.01715
1.017
1.01684
1.01668
1.01652
1.01637
1.01621
1.01605
1.0159
1.01574
1.01558
1.01543
1.01527
1.01511
1.01496
1.0148
1.01464
1.01449
1.01433
1.01417
1.01402
1.01386
1.0137
1.01355
1.01339
1.01323
1.01308
1.01292
1.01277
1.01261
1.01245
1.0123
1.01214
1.01198
1.01183
1.01167
1.01151
1.01136
1.0112
1.01105
1.01089
1.01073
1.01058
1.01042
1.01027
