1.23437
1.23347
1.23258
1.23169
1.2308
1.22991
1.22902
1.22813
1.22724
1.22635
1.22546
1.22458
1.22369
1.2228
1.22192
1.22104
1.22015
1.21927
1.21839
1.2175
1.21662
1.21574
1.21486
1.21398
1.21311
1.21223
1.21135
1.21047
1.2096
1.20872
1.20785
1.20697
1.2061
1.20523
1.20436
1.20349
1.20261
1.20174
1.20087
1.20001
1.19914
1.19827
1.1974
1.19654
1.19567
1.19481
1.19394
1.19308
1.19221
1.19135
1.19049
1.18963
1.18877
1.18791
1.18705
1.18619
1.18533
1.18447
1.18361
1.18276
1.1819
1.18105
1.18019
1.17934
1.17849
1.17763
1.17678
1.17593
1.17508
1.17423
1.17338
1.17253
1.17168
1.17083
1.16999
1.16914
1.16829
1.16745
1.1666
1.16576
1.16491
1.16407
1.16323
1.16239
1.16155
1.16071
1.15987
1.15903
1.15819
1.15735
1.15651
1.15568
1.15484
1.154
1.15317
1.15233
1.1515
1.15067
1.14984
1.149
1.14817
1.14734
1.14651
1.14568
1.14485
1.14402
1.1432
1.14237
1.14154
1.14072
1.13989
1.13907
1.13824
1.13742
1.13659
1.13577
1.13495
1.13413
1.13331
1.13249
1.13167
1.13085
1.13003
1.12921
1.1284
1.12758
1.12676
1.12595
1.12513
1.12432
1.12351
1.12269
1.12188
1.12107
1.12026
1.11945
1.11864
1.11783
1.11702
1.11621
1.1154
1.1146
1.11379
1.11298
1.11218
1.11137
1.11057
1.10977
1.10896
1.10816
1.10736
1.10656
1.10576
1.10496
1.10416
1.10336
1.10256
1.10176
1.10096
1.10017
1.09937
1.09858
1.09778
1.09699
1.09619
1.0954
1.09461
1.09382
1.09302
1.09223
1.09144
1.09065
1.08986
1.08908
1.08829
1.0875
1.08671
1.08593
1.08514
1.08436
1.08357
1.08279
1.082
1.08122
1.08044
1.07966
1.07887
1.07809
1.07731
1.07653
1.07576
1.07498
1.0742
1.07342
1.07265
1.07187
1.07109
1.07032
1.06954
1.06877
1.068
1.06722
1.06645
1.06568
1.06491
1.06414
1.06337
1.0626
1.06183
1.06106
1.06029
1.05953
1.05876
1.05799
1.05723
1.05646
1.0557
1.05493
1.05417
1.05341
1.05265
1.05188
1.05112
1.05036
1.0496
1.04884
1.04808
1.04733
1.04657
1.04581
1.04505
1.0443
1.04354
1.04279
1.04203
1.04128
1.04053
1.03977
1.03902
1.03827
1.03752
1.03677
1.03602
1.03527
1.03452
1.03377
1.03302
1.03227
1.03153
1.03078
1.03003
1.02929
1.02854
1.0278
1.02706
1.02631
1.02557
1.02483
1.02409
1.02335
1.0226
1.02186
1.02113
1.02039
1.01965
1.01891
1.01817
1.01744
1.0167
1.01596
1.01523
1.01449
1.01376
1.01303
1.01229
1.01156
1.01083
1.0101
1.00937
1.00864
1.00791
1.00718
1.00645
1.00572
1.00499
1.00427
1.00354
1.00281
1.00209
1.00136
1.00064
0.999913
0.99919
0.998467
0.997744
0.997022
0.996301
0.99558
0.99486
0.99414
0.99342
0.992701
0.991983
0.991265
0.990548
0.989831
0.989115
0.988399
0.987684
0.986969
0.986255
0.985542
0.984829
0.984116
0.983404
0.982692
0.981981
0.981271
0.98056
0.979851
0.979142
0.978433
0.977725
0.977018
0.976311
0.975604
0.974899
0.974193
0.973488
0.972784
0.97208
0.971376
0.970674
0.969971
0.969269
0.968568
0.967867
0.967167
0.966467
0.965768
0.965069
0.96437
0.963673
0.962975
0.962279
0.961582
0.960886
0.960191
0.959496
0.958802
0.958108
0.957415
0.956722
0.95603
0.955338
0.954647
0.953956
0.953266
0.952576
0.951887
0.951198
0.95051
0.949822
0.949135
