0.568352
0.56834
0.568327
0.568315
0.568303
0.568291
0.568278
0.568266
0.568254
0.568241
0.568229
0.568217
0.568204
0.568192
0.56818
0.568167
0.568155
0.568143
0.568131
0.568118
0.568106
0.568094
0.568081
0.568069
0.568057
0.568044
0.568032
0.56802
0.568008
0.567995
0.567983
0.567971
0.567958
0.567946
0.567934
0.567921
0.567909
0.567897
0.567885
0.567872
0.56786
0.567848
0.567835
0.567823
0.567811
0.567798
0.567786
0.567774
0.567762
0.567749
0.567737
0.567725
0.567712
0.5677
0.567688
0.567676
0.567663
0.567651
0.567639
0.567626
0.567614
0.567602
0.56759
0.567577
0.567565
0.567553
0.56754
0.567528
0.567516
0.567504
0.567491
0.567479
0.567467
0.567454
0.567442
0.56743
0.567418
0.567405
0.567393
0.567381
0.567368
0.567356
0.567344
0.567331
0.567319
0.567307
0.567295
0.567282
0.56727
0.567258
0.567245
0.567233
0.567221
0.567209
0.567196
0.567184
0.567172
0.56716
0.567147
0.567135
0.567123
0.56711
0.567098
0.567086
0.567074
0.567061
0.567049
0.567037
0.567024
0.567012
0.567
0.566988
0.566975
0.566963
0.566951
0.566939
0.566926
0.566914
0.566902
0.566889
0.566877
0.566865
0.566853
0.56684
0.566828
0.566816
0.566804
0.566791
0.566779
0.566767
0.566754
0.566742
0.56673
0.566718
0.566705
0.566693
0.566681
0.566669
0.566656
0.566644
0.566632
0.566619
0.566607
0.566595
0.566583
0.56657
0.566558
0.566546
0.566534
0.566521
0.566509
0.566497
0.566484
0.566472
0.56646
0.566448
0.566435
0.566423
0.566411
0.566399
0.566386
0.566374
0.566362
0.56635
0.566337
0.566325
0.566313
0.566301
0.566288
0.566276
0.566264
0.566251
0.566239
0.566227
0.566215
0.566202
0.56619
0.566178
0.566166
0.566153
0.566141
0.566129
0.566117
0.566104
0.566092
0.56608
0.566068
0.566055
0.566043
0.566031
0.566019
0.566006
0.565994
0.565982
0.56597
0.565957
0.565945
0.565933
0.56592
0.565908
0.565896
0.565884
0.565871
0.565859
0.565847
0.565835
0.565822
0.56581
0.565798
0.565786
0.565773
0.565761
0.565749
0.565737
0.565724
0.565712
0.5657
0.565688
0.565675
0.565663
0.565651
0.565639
0.565627
0.565614
0.565602
0.56559
0.565578
0.565565
0.565553
0.565541
0.565529
0.565516
0.565504
0.565492
0.56548
0.565467
0.565455
0.565443
0.565431
0.565418
0.565406
0.565394
0.565382
0.565369
0.565357
0.565345
0.565333
0.56532
0.565308
0.565296
0.565284
0.565271
0.565259
0.565247
0.565235
0.565222
0.56521
0.565198
0.565186
0.565173
0.565161
0.565149
0.565137
0.565125
0.565112
0.5651
0.565088
0.565076
0.565063
0.565051
0.565039
0.565027
0.565014
0.565002
0.56499
0.564978
0.564965
0.564953
0.564941
0.564929
0.564917
0.564904
0.564892
0.56488
0.564868
0.564855
0.564843
0.564831
0.564819
0.564806
0.564794
0.564782
0.56477
0.564758
0.564745
0.564733
0.564721
0.564709
0.564696
0.564684
0.564672
0.56466
0.564647
0.564635
0.564623
0.564611
0.564599
0.564586
0.564574
0.564562
0.56455
0.564537
0.564525
0.564513
0.564501
0.564489
0.564476
0.564464
0.564452
0.56444
0.564427
0.564415
0.564403
0.564391
0.564379
0.564366
0.564354
0.564342
0.56433
0.564317
0.564305
0.564293
0.564281
0.564269
0.564256
0.564244
0.564232
0.56422
0.564207
0.564195
0.564183
0.564171
0.564159
0.564146
0.564134
0.564122
0.56411
0.564098
0.564085
0.564073
0.564061
0.564049
0.564036
0.564024
0.564012
0.564
0.563988
0.563975
0.563963
0.563951
0.563939
0.563927
0.563914
0.563902
