68.9998
68.9069
68.7807
68.6547
68.529
68.4034
68.2782
68.1531
68.0283
67.9037
67.7793
67.6552
67.5312
67.4076
67.2841
67.1609
67.0378
66.9151
66.7925
66.6702
66.5481
66.4262
66.3045
66.1831
66.0619
65.9409
65.8201
65.6995
65.5792
65.4591
65.3392
65.2195
65.1001
64.9808
64.8618
64.743
64.6244
64.5061
64.3879
64.27
64.1523
64.0348
63.9175
63.8004
63.6836
63.5669
63.4505
63.3343
63.2183
63.1025
62.9869
62.8716
62.7564
62.6415
62.5267
62.4122
62.2979
62.1838
62.0699
61.9562
61.8428
61.7295
61.6164
61.5036
61.3909
61.2785
61.1662
61.0542
60.9424
60.8308
60.7194
60.6082
60.4971
60.3863
60.2757
60.1653
60.0551
59.9451
59.8354
59.7258
59.6164
59.5072
59.3982
59.2894
59.1808
59.0724
58.9642
58.8562
58.7484
58.6408
58.5334
58.4262
58.3192
58.2124
58.1058
57.9993
57.8931
57.7871
57.6812
57.5756
57.4701
57.3649
57.2598
57.1549
57.0503
56.9458
56.8415
56.7374
56.6334
56.5297
56.4262
56.3228
56.2197
56.1167
56.0139
55.9113
55.8089
55.7067
55.6047
55.5028
55.4012
55.2997
55.1984
55.0973
54.9964
54.8957
54.7951
54.6948
54.5946
54.4946
54.3948
54.2952
54.1957
54.0965
53.9974
53.8985
53.7998
53.7012
53.6029
53.5047
53.4067
53.3089
53.2112
53.1138
53.0165
52.9194
52.8225
52.7257
52.6291
52.5328
52.4365
52.3405
52.2446
52.1489
52.0534
51.9581
51.8629
51.7679
51.6731
51.5785
51.484
51.3897
51.2956
51.2016
51.1079
51.0142
50.9208
50.8276
50.7345
50.6415
50.5488
50.4562
50.3638
50.2715
50.1795
50.0876
49.9958
49.9043
49.8128
49.7216
49.6305
49.5396
49.4489
49.3583
49.2679
49.1777
49.0876
48.9977
48.908
48.8184
48.729
48.6397
48.5506
48.4617
48.373
48.2844
48.1959
48.1077
48.0195
47.9316
47.8438
47.7562
47.6687
47.5814
47.4943
47.4073
47.3204
47.2338
47.1473
47.0609
46.9747
46.8887
46.8028
46.7171
46.6315
46.5461
46.4608
46.3757
46.2908
46.206
46.1214
46.0369
45.9526
45.8684
45.7844
45.7006
45.6169
45.5333
45.4499
45.3667
45.2836
45.2006
45.1179
45.0352
44.9527
44.8704
44.7882
44.7062
44.6243
44.5426
44.461
44.3796
44.2983
44.2171
44.1362
44.0553
43.9746
43.8941
43.8137
43.7334
43.6533
43.5734
43.4936
43.4139
43.3344
43.255
43.1758
43.0967
43.0178
42.939
42.8604
42.7819
42.7035
42.6253
42.5472
42.4693
42.3915
42.3139
42.2364
42.159
42.0818
42.0047
41.9278
41.851
41.7743
41.6978
41.6214
41.5452
41.4691
41.3932
41.3174
41.2417
41.1661
41.0907
41.0155
40.9404
40.8654
40.7905
40.7158
40.6412
40.5668
40.4925
40.4184
40.3443
40.2704
40.1967
40.123
40.0496
39.9762
39.903
39.8299
39.757
39.6841
39.6114
39.5389
39.4665
39.3942
39.322
39.25
39.1781
39.1064
39.0348
38.9633
38.8919
38.8207
38.7496
38.6786
38.6077
38.537
38.4664
38.396
38.3257
38.2555
38.1854
38.1155
38.0457
37.976
37.9064
37.837
37.7677
37.6985
37.6295
37.5605
37.4918
37.4231
37.3545
37.2861
37.2178
37.1497
37.0816
37.0137
36.9459
36.8783
36.8107
36.7433
36.676
36.6088
36.5418
36.4748
36.408
36.3413
36.2748
36.2083
36.142
36.0758
36.0098
35.9438
35.878
35.8123
35.7467
35.6812
35.6158
35.5506
35.4855
