0.870756
1.19882
1.45173
1.64671
1.79702
1.91288
2.00218
2.07099
2.12402
2.16488
2.19634
2.22057
2.23922
2.25356
2.26458
2.27305
2.27954
2.28451
2.28831
2.29121
2.2934
2.29506
2.29631
2.29723
2.29791
2.2984
2.29874
2.29897
2.29911
2.29919
2.29921
2.2992
2.29915
2.29908
2.29899
2.29888
2.29877
2.29865
2.29852
2.29838
2.29825
2.29811
2.29796
2.29782
2.29767
2.29752
2.29737
2.29723
2.29708
2.29693
2.29678
2.29663
2.29648
2.29633
2.29618
2.29602
2.29587
2.29572
2.29557
2.29542
2.29527
2.29512
2.29497
2.29482
2.29467
2.29452
2.29437
2.29422
2.29407
2.29391
2.29376
2.29361
2.29346
2.29331
2.29316
2.29301
2.29286
2.29271
2.29256
2.29241
2.29226
2.29211
2.29196
2.29181
2.29165
2.2915
2.29135
2.2912
2.29105
2.2909
2.29075
2.2906
2.29045
2.2903
2.29015
2.29
2.28985
2.2897
2.28955
2.2894
2.28925
2.2891
2.28895
2.28879
2.28864
2.28849
2.28834
2.28819
2.28804
2.28789
2.28774
2.28759
2.28744
2.28729
2.28714
2.28699
2.28684
2.28669
2.28654
2.28639
2.28624
2.28609
2.28594
2.28579
2.28564
2.28549
2.28534
2.28519
2.28504
2.28489
2.28474
2.28459
2.28444
2.28429
2.28414
2.28399
2.28384
2.28369
2.28354
2.28339
2.28324
2.28309
2.28294
2.28279
2.28264
2.28249
2.28234
2.28219
2.28204
2.28189
2.28174
2.28159
2.28144
2.28129
2.28114
2.28099
2.28084
2.28069
2.28054
2.28039
2.28024
2.28009
2.27994
2.27979
2.27964
2.27949
2.27934
2.27919
2.27904
2.27889
2.27874
2.27859
2.27844
2.27829
2.27814
2.27799
2.27784
2.27769
2.27754
2.27739
2.27724
2.27709
2.27694
2.27679
2.27665
2.2765
2.27635
2.2762
2.27605
2.2759
2.27575
2.2756
2.27545
2.2753
2.27515
2.275
2.27485
2.2747
2.27455
2.2744
2.27425
2.2741
2.27395
2.2738
2.27366
2.27351
2.27336
2.27321
2.27306
2.27291
2.27276
2.27261
2.27246
2.27231
2.27216
2.27201
2.27186
2.27171
2.27156
2.27142
2.27127
2.27112
2.27097
2.27082
2.27067
2.27052
2.27037
2.27022
2.27007
2.26992
2.26977
2.26963
2.26948
2.26933
2.26918
2.26903
2.26888
2.26873
2.26858
2.26843
2.26828
2.26813
2.26798
2.26784
2.26769
2.26754
2.26739
2.26724
2.26709
2.26694
2.26679
2.26664
2.2665
2.26635
2.2662
2.26605
2.2659
2.26575
2.2656
2.26545
2.2653
2.26516
2.26501
2.26486
2.26471
2.26456
2.26441
2.26426
2.26411
2.26396
2.26382
2.26367
2.26352
2.26337
2.26322
2.26307
2.26292
2.26277
2.26263
2.26248
2.26233
2.26218
2.26203
2.26188
2.26173
2.26159
2.26144
2.26129
2.26114
2.26099
2.26084
2.26069
2.26055
2.2604
2.26025
2.2601
2.25995
2.2598
2.25965
2.25951
2.25936
2.25921
2.25906
2.25891
2.25876
2.25862
2.25847
2.25832
2.25817
2.25802
2.25787
2.25773
2.25758
2.25743
2.25728
2.25713
2.25698
2.25684
2.25669
2.25654
2.25639
2.25624
2.25609
2.25595
2.2558
2.25565
2.2555
2.25535
2.2552
2.25506
2.25491
2.25476
2.25461
2.25446
2.25432
2.25417
2.25402
2.25387
2.25372
2.25358
2.25343
2.25328
2.25313
2.25298
2.25283
2.25269
2.25254
2.25239
2.25224
2.25209
2.25195
2.2518
2.25165
2.2515
2.25135
2.25121
2.25106
2.25091
2.25076
2.25062
2.25047
2.25032
2.25017
2.25002
