2.10528
2.10422
2.10316
2.1021
2.10104
2.09998
2.09893
2.09787
2.09681
2.09576
2.0947
2.09365
2.09259
2.09154
2.09048
2.08943
2.08838
2.08733
2.08628
2.08523
2.08418
2.08313
2.08208
2.08103
2.07998
2.07893
2.07789
2.07684
2.07579
2.07475
2.0737
2.07266
2.07162
2.07057
2.06953
2.06849
2.06745
2.0664
2.06536
2.06432
2.06328
2.06225
2.06121
2.06017
2.05913
2.05809
2.05706
2.05602
2.05499
2.05395
2.05292
2.05188
2.05085
2.04982
2.04878
2.04775
2.04672
2.04569
2.04466
2.04363
2.0426
2.04157
2.04055
2.03952
2.03849
2.03746
2.03644
2.03541
2.03439
2.03336
2.03234
2.03132
2.03029
2.02927
2.02825
2.02723
2.02621
2.02519
2.02417
2.02315
2.02213
2.02111
2.02009
2.01907
2.01806
2.01704
2.01603
2.01501
2.014
2.01298
2.01197
2.01095
2.00994
2.00893
2.00792
2.00691
2.0059
2.00489
2.00388
2.00287
2.00186
2.00085
1.99984
1.99884
1.99783
1.99682
1.99582
1.99481
1.99381
1.9928
1.9918
1.9908
1.98979
1.98879
1.98779
1.98679
1.98579
1.98479
1.98379
1.98279
1.98179
1.98079
1.9798
1.9788
1.9778
1.97681
1.97581
1.97482
1.97382
1.97283
1.97183
1.97084
1.96985
1.96886
1.96786
1.96687
1.96588
1.96489
1.9639
1.96291
1.96193
1.96094
1.95995
1.95896
1.95798
1.95699
1.95601
1.95502
1.95404
1.95305
1.95207
1.95109
1.9501
1.94912
1.94814
1.94716
1.94618
1.9452
1.94422
1.94324
1.94226
1.94128
1.9403
1.93933
1.93835
1.93737
1.9364
1.93542
1.93445
1.93348
1.9325
1.93153
1.93056
1.92958
1.92861
1.92764
1.92667
1.9257
1.92473
1.92376
1.92279
1.92182
1.92086
1.91989
1.91892
1.91795
1.91699
1.91602
1.91506
1.91409
1.91313
1.91217
1.9112
1.91024
1.90928
1.90832
1.90736
1.9064
1.90544
1.90448
1.90352
1.90256
1.9016
1.90064
1.89969
1.89873
1.89777
1.89682
1.89586
1.89491
1.89395
1.893
1.89205
1.89109
1.89014
1.88919
1.88824
1.88729
1.88634
1.88539
1.88444
1.88349
1.88254
1.88159
1.88064
1.8797
1.87875
1.8778
1.87686
1.87591
1.87497
1.87402
1.87308
1.87214
1.87119
1.87025
1.86931
1.86837
1.86743
1.86649
1.86555
1.86461
1.86367
1.86273
1.86179
1.86085
1.85992
1.85898
1.85804
1.85711
1.85617
1.85524
1.85431
1.85337
1.85244
1.8515
1.85057
1.84964
1.84871
1.84778
1.84685
1.84592
1.84499
1.84406
1.84313
1.8422
1.84127
1.84035
1.83942
1.83849
1.83757
1.83664
1.83572
1.83479
1.83387
1.83295
1.83202
1.8311
1.83018
1.82926
1.82833
1.82741
1.82649
1.82557
1.82465
1.82374
1.82282
1.8219
1.82098
1.82007
1.81915
1.81823
1.81732
1.8164
1.81549
1.81457
1.81366
1.81275
1.81183
1.81092
1.81001
1.8091
1.80819
1.80727
1.80636
1.80546
1.80455
1.80364
1.80273
1.80182
1.80091
1.80001
1.7991
1.79819
1.79729
1.79638
1.79548
1.79457
1.79367
1.79277
1.79186
1.79096
1.79006
1.78916
1.78826
1.78736
1.78646
1.78556
1.78466
1.78376
1.78286
1.78196
1.78107
1.78017
1.77927
1.77838
1.77748
1.77659
1.77569
1.7748
1.7739
1.77301
1.77212
1.77122
1.77033
1.76944
1.76855
1.76766
1.76677
1.76588
1.76499
1.7641
1.76321
1.76233
1.76144
1.76055
1.75966
1.75878
1.75789
1.75701
1.75612
1.75524
1.75435
1.75347
