34.0977
33.9144
33.7321
33.5508
33.3704
33.1911
33.0126
32.8352
32.6587
32.4831
32.3085
32.1348
31.9621
31.7903
31.6194
31.4494
31.2804
31.1122
30.945
30.7787
30.6132
30.4487
30.285
30.1222
29.9603
29.7992
29.639
29.4797
29.3212
29.1636
29.0069
28.8509
28.6958
28.5416
28.3882
28.2356
28.0838
27.9328
27.7827
27.6333
27.4848
27.337
27.1901
27.0439
26.8986
26.754
26.6102
26.4671
26.3248
26.1833
26.0426
25.9026
25.7634
25.6249
25.4871
25.3501
25.2139
25.0783
24.9435
24.8094
24.6761
24.5434
24.4115
24.2803
24.1497
24.0199
23.8908
23.7624
23.6347
23.5076
23.3812
23.2556
23.1306
23.0062
22.8825
22.7595
22.6372
22.5155
22.3945
22.2741
22.1544
22.0353
21.9168
21.799
21.6818
21.5653
21.4494
21.3341
21.2194
21.1053
20.9919
20.879
20.7668
20.6552
20.5441
20.4337
20.3239
20.2146
20.1059
19.9979
19.8904
19.7835
19.6771
19.5713
19.4661
19.3615
19.2574
19.1539
19.0509
18.9485
18.8467
18.7454
18.6446
18.5444
18.4447
18.3455
18.2469
18.1488
18.0513
17.9543
17.8577
17.7617
17.6663
17.5713
17.4768
17.3829
17.2895
17.1965
17.1041
17.0121
16.9207
16.8297
16.7393
16.6493
16.5598
16.4708
16.3822
16.2942
16.2066
16.1195
16.0328
15.9466
15.8609
15.7757
15.6909
15.6065
15.5226
15.4392
15.3562
15.2736
15.1915
15.1099
15.0287
14.9479
14.8675
14.7876
14.7081
14.629
14.5504
14.4722
14.3944
14.317
14.2401
14.1635
14.0874
14.0117
13.9363
13.8614
13.7869
13.7128
13.6391
13.5658
13.4928
13.4203
13.3482
13.2764
13.2051
13.1341
13.0635
12.9933
12.9234
12.8539
12.7848
12.7161
12.6478
12.5798
12.5122
12.4449
12.378
12.3115
12.2453
12.1795
12.114
12.0489
11.9841
11.9197
11.8556
11.7919
11.7285
11.6654
11.6027
11.5404
11.4783
11.4166
11.3553
11.2942
11.2335
11.1731
11.1131
11.0533
10.9939
10.9348
10.876
10.8176
10.7594
10.7016
10.6441
10.5868
10.5299
10.4733
10.417
10.361
10.3053
10.2499
10.1948
10.14
10.0855
10.0313
9.9774
9.92377
9.87042
9.81737
9.76459
9.7121
9.6599
9.60797
9.55632
9.50495
9.45386
9.40304
9.3525
9.30222
9.25222
9.20249
9.15302
9.10382
9.05488
9.0062
8.95779
8.90964
8.86175
8.81411
8.76673
8.71961
8.67273
8.62611
8.57975
8.53363
8.48775
8.44213
8.39675
8.35161
8.30672
8.26206
8.21765
8.17348
8.12954
8.08584
8.04238
7.99915
7.95615
7.91338
7.87084
7.82853
7.78645
7.7446
7.70296
7.66156
7.62037
7.57941
7.53867
7.49814
7.45784
7.41775
7.37787
7.33822
7.29877
7.25954
7.22051
7.1817
7.14309
7.1047
7.06651
7.02852
6.99074
6.95316
6.91578
6.87861
6.84163
6.80486
6.76828
6.73189
6.69571
6.65972
6.62392
6.58831
6.5529
6.51767
6.48263
6.44779
6.41313
6.37865
6.34437
6.31026
6.27634
6.2426
6.20905
6.17567
6.14247
6.10946
6.07661
6.04395
6.01146
5.97915
5.94701
5.91504
5.88324
5.85162
5.82016
5.78888
5.75776
5.72681
5.69602
5.6654
5.63495
5.60466
5.57453
5.54457
5.51476
5.48512
5.45563
5.42631
5.39714
5.36813
5.33927
5.31057
5.28202
5.25363
5.22539
5.1973
5.16936
5.14157
5.11394
5.08645
5.0591
5.03191
5.00486
4.97796
4.9512
4.92458
4.89811
4.87178
4.84559
4.81955
