2.40775
2.4019
2.39606
2.39024
2.38443
2.37864
2.37286
2.36709
2.36134
2.3556
2.34988
2.34417
2.33847
2.33279
2.32712
2.32147
2.31582
2.3102
2.30458
2.29898
2.2934
2.28782
2.28227
2.27672
2.27119
2.26567
2.26016
2.25467
2.24919
2.24373
2.23828
2.23284
2.22741
2.222
2.2166
2.21121
2.20584
2.20048
2.19513
2.1898
2.18448
2.17917
2.17387
2.16859
2.16332
2.15807
2.15282
2.14759
2.14237
2.13717
2.13197
2.12679
2.12163
2.11647
2.11133
2.1062
2.10108
2.09597
2.09088
2.0858
2.08073
2.07568
2.07063
2.0656
2.06058
2.05557
2.05058
2.0456
2.04063
2.03567
2.03072
2.02579
2.02086
2.01595
2.01106
2.00617
2.00129
1.99643
1.99158
1.98674
1.98191
1.9771
1.97229
1.9675
1.96272
1.95795
1.95319
1.94845
1.94371
1.93899
1.93428
1.92958
1.92489
1.92021
1.91555
1.91089
1.90625
1.90162
1.89699
1.89239
1.88779
1.8832
1.87862
1.87406
1.8695
1.86496
1.86043
1.85591
1.8514
1.8469
1.84241
1.83794
1.83347
1.82902
1.82457
1.82014
1.81571
1.8113
1.8069
1.80251
1.79813
1.79376
1.7894
1.78505
1.78072
1.77639
1.77207
1.76777
1.76347
1.75919
1.75491
1.75065
1.74639
1.74215
1.73792
1.73369
1.72948
1.72528
1.72109
1.7169
1.71273
1.70857
1.70442
1.70028
1.69615
1.69203
1.68791
1.68381
1.67972
1.67564
1.67157
1.66751
1.66345
1.65941
1.65538
1.65136
1.64734
1.64334
1.63935
1.63537
1.63139
1.62743
1.62347
1.61953
1.61559
1.61167
1.60775
1.60384
1.59995
1.59606
1.59218
1.58831
1.58445
1.5806
1.57676
1.57293
1.56911
1.5653
1.56149
1.5577
1.55391
1.55014
1.54637
1.54261
1.53886
1.53512
1.53139
1.52767
1.52396
1.52026
1.51656
1.51288
1.5092
1.50554
1.50188
1.49823
1.49459
1.49096
1.48733
1.48372
1.48011
1.47652
1.47293
1.46935
1.46578
1.46222
1.45866
1.45512
1.45158
1.44806
1.44454
1.44103
1.43753
1.43403
1.43055
1.42707
1.42361
1.42015
1.4167
1.41325
1.40982
1.40639
1.40298
1.39957
1.39617
1.39277
1.38939
1.38601
1.38264
1.37929
1.37593
1.37259
1.36925
1.36593
1.36261
1.3593
1.35599
1.3527
1.34941
1.34613
1.34286
1.3396
1.33634
1.3331
1.32986
1.32663
1.3234
1.32019
1.31698
1.31378
1.31059
1.3074
1.30423
1.30106
1.29789
1.29474
1.29159
1.28846
1.28533
1.2822
1.27909
1.27598
1.27288
1.26979
1.2667
1.26362
1.26055
1.25749
1.25443
1.25138
1.24834
1.24531
1.24228
1.23927
1.23625
1.23325
1.23025
1.22726
1.22428
1.22131
1.21834
1.21538
1.21243
1.20948
1.20654
1.20361
1.20068
1.19777
1.19486
1.19195
1.18906
1.18617
1.18329
1.18041
1.17754
1.17468
1.17183
1.16898
1.16614
1.1633
1.16048
1.15766
1.15484
1.15204
1.14924
1.14645
1.14366
1.14088
1.13811
1.13534
1.13259
1.12983
1.12709
1.12435
1.12162
1.11889
1.11617
1.11346
1.11076
1.10806
1.10536
1.10268
1.1
1.09733
1.09466
1.092
1.08935
1.0867
1.08406
1.08142
1.0788
1.07617
1.07356
1.07095
1.06835
1.06575
1.06316
1.06058
1.058
1.05543
1.05287
1.05031
1.04776
1.04521
1.04267
1.04014
1.03761
1.03509
1.03257
1.03006
1.02756
1.02506
1.02257
1.02009
1.01761
1.01514
1.01267
1.01021
1.00776
1.00531
1.00286
1.00043
0.997996
0.995571
