0.465596
0.465547
0.465498
0.465449
0.465401
0.465352
0.465303
0.465254
0.465205
0.465157
0.465108
0.465059
0.46501
0.464962
0.464913
0.464864
0.464815
0.464767
0.464718
0.464669
0.46462
0.464572
0.464523
0.464474
0.464426
0.464377
0.464328
0.464279
0.464231
0.464182
0.464133
0.464085
0.464036
0.463987
0.463939
0.46389
0.463841
0.463793
0.463744
0.463696
0.463647
0.463598
0.46355
0.463501
0.463453
0.463404
0.463355
0.463307
0.463258
0.46321
0.463161
0.463112
0.463064
0.463015
0.462967
0.462918
0.46287
0.462821
0.462773
0.462724
0.462676
0.462627
0.462579
0.46253
0.462482
0.462433
0.462385
0.462336
0.462288
0.462239
0.462191
0.462142
0.462094
0.462045
0.461997
0.461948
0.4619
0.461852
0.461803
0.461755
0.461706
0.461658
0.461609
0.461561
0.461513
0.461464
0.461416
0.461368
0.461319
0.461271
0.461222
0.461174
0.461126
0.461077
0.461029
0.460981
0.460932
0.460884
0.460836
0.460787
0.460739
0.460691
0.460642
0.460594
0.460546
0.460497
0.460449
0.460401
0.460353
0.460304
0.460256
0.460208
0.46016
0.460111
0.460063
0.460015
0.459967
0.459918
0.45987
0.459822
0.459774
0.459726
0.459677
0.459629
0.459581
0.459533
0.459485
0.459436
0.459388
0.45934
0.459292
0.459244
0.459196
0.459147
0.459099
0.459051
0.459003
0.458955
0.458907
0.458859
0.458811
0.458762
0.458714
0.458666
0.458618
0.45857
0.458522
0.458474
0.458426
0.458378
0.45833
0.458282
0.458234
0.458185
0.458137
0.458089
0.458041
0.457993
0.457945
0.457897
0.457849
0.457801
0.457753
0.457705
0.457657
0.457609
0.457561
0.457513
0.457465
0.457417
0.457369
0.457321
0.457274
0.457226
0.457178
0.45713
0.457082
0.457034
0.456986
0.456938
0.45689
0.456842
0.456794
0.456746
0.456698
0.456651
0.456603
0.456555
0.456507
0.456459
0.456411
0.456363
0.456316
0.456268
0.45622
0.456172
0.456124
0.456076
0.456028
0.455981
0.455933
0.455885
0.455837
0.455789
0.455742
0.455694
0.455646
0.455598
0.455551
0.455503
0.455455
0.455407
0.455359
0.455312
0.455264
0.455216
0.455169
0.455121
0.455073
0.455025
0.454978
0.45493
0.454882
0.454835
0.454787
0.454739
0.454691
0.454644
0.454596
0.454549
0.454501
0.454453
0.454406
0.454358
0.45431
0.454263
0.454215
0.454167
0.45412
0.454072
0.454025
0.453977
0.453929
0.453882
0.453834
0.453786
0.453739
0.453691
0.453644
0.453596
0.453549
0.453501
0.453454
0.453406
0.453358
0.453311
0.453263
0.453216
0.453168
0.453121
0.453073
0.453026
0.452978
0.452931
0.452883
0.452836
0.452788
0.452741
0.452693
0.452646
0.452598
0.452551
0.452504
0.452456
0.452409
0.452361
0.452314
0.452266
0.452219
0.452172
0.452124
0.452077
0.452029
0.451982
0.451935
0.451887
0.45184
0.451792
0.451745
0.451698
0.45165
0.451603
0.451556
0.451508
0.451461
0.451413
0.451366
0.451319
0.451272
0.451224
0.451177
0.45113
0.451082
0.451035
0.450988
0.45094
0.450893
0.450846
0.450799
0.450751
0.450704
0.450657
0.45061
0.450562
0.450515
0.450468
0.450421
0.450373
0.450326
0.450279
0.450232
0.450184
0.450137
0.45009
0.450043
0.449996
0.449948
0.449901
0.449854
0.449807
0.44976
0.449713
0.449665
0.449618
0.449571
0.449524
0.449477
0.44943
0.449383
0.449336
0.449288
0.449241
0.449194
0.449147
0.4491
0.449053
0.449006
0.448959
0.448912
0.448865
0.448818
0.44877
0.448723
0.448676
0.448629
0.448582
0.448535
0.448488
0.448441
0.448394
0.448347
0.4483
0.448253
0.448206
