57.1279
57.127
57.1261
57.1253
57.1244
57.1236
57.1227
57.1218
57.121
57.1201
57.1192
57.1184
57.1175
57.1167
57.1158
57.1149
57.1141
57.1132
57.1123
57.1115
57.1106
57.1098
57.1089
57.108
57.1072
57.1063
57.1054
57.1046
57.1037
57.1029
57.102
57.1011
57.1003
57.0994
57.0985
57.0977
57.0968
57.096
57.0951
57.0942
57.0934
57.0925
57.0916
57.0908
57.0899
57.0891
57.0882
57.0873
57.0865
57.0856
57.0848
57.0839
57.083
57.0822
57.0813
57.0804
57.0796
57.0787
57.0779
57.077
57.0761
57.0753
57.0744
57.0735
57.0727
57.0718
57.071
57.0701
57.0692
57.0684
57.0675
57.0667
57.0658
57.0649
57.0641
57.0632
57.0623
57.0615
57.0606
57.0598
57.0589
57.058
57.0572
57.0563
57.0555
57.0546
57.0537
57.0529
57.052
57.0511
57.0503
57.0494
57.0486
57.0477
57.0468
57.046
57.0451
57.0443
57.0434
57.0425
57.0417
57.0408
57.0399
57.0391
57.0382
57.0374
57.0365
57.0356
57.0348
57.0339
57.0331
57.0322
57.0313
57.0305
57.0296
57.0288
57.0279
57.027
57.0262
57.0253
57.0244
57.0236
57.0227
57.0219
57.021
57.0201
57.0193
57.0184
57.0176
57.0167
57.0158
57.015
57.0141
57.0133
57.0124
57.0115
57.0107
57.0098
57.0089
57.0081
57.0072
57.0064
57.0055
57.0046
57.0038
57.0029
57.0021
57.0012
57.0003
56.9995
56.9986
56.9978
56.9969
56.996
56.9952
56.9943
56.9935
56.9926
56.9917
56.9909
56.99
56.9892
56.9883
56.9874
56.9866
56.9857
56.9849
56.984
56.9831
56.9823
56.9814
56.9805
56.9797
56.9788
56.978
56.9771
56.9762
56.9754
56.9745
56.9737
56.9728
56.9719
56.9711
56.9702
56.9694
56.9685
56.9676
56.9668
56.9659
56.9651
56.9642
56.9633
56.9625
56.9616
56.9608
56.9599
56.959
56.9582
56.9573
56.9565
56.9556
56.9547
56.9539
56.953
56.9522
56.9513
56.9504
56.9496
56.9487
56.9479
56.947
56.9461
56.9453
56.9444
56.9436
56.9427
56.9418
56.941
56.9401
56.9393
56.9384
56.9375
56.9367
56.9358
56.935
56.9341
56.9332
56.9324
56.9315
56.9307
56.9298
56.9289
56.9281
56.9272
56.9264
56.9255
56.9246
56.9238
56.9229
56.9221
56.9212
56.9203
56.9195
56.9186
56.9178
56.9169
56.916
56.9152
56.9143
56.9135
56.9126
56.9118
56.9109
56.91
56.9092
56.9083
56.9075
56.9066
56.9057
56.9049
56.904
56.9032
56.9023
56.9014
56.9006
56.8997
56.8989
56.898
56.8971
56.8963
56.8954
56.8946
56.8937
56.8928
56.892
56.8911
56.8903
56.8894
56.8886
56.8877
56.8868
56.886
56.8851
56.8843
56.8834
56.8825
56.8817
56.8808
56.88
56.8791
56.8783
56.8774
56.8765
56.8757
56.8748
56.874
56.8731
56.8722
56.8714
56.8705
56.8697
56.8688
56.8679
56.8671
56.8662
56.8654
56.8645
56.8636
56.8628
56.8619
56.8611
56.8602
56.8594
56.8585
56.8576
56.8568
56.8559
56.8551
56.8542
56.8533
56.8525
56.8516
56.8508
56.8499
56.8491
56.8482
56.8473
56.8465
56.8456
56.8448
56.8439
56.843
56.8422
56.8413
56.8405
56.8396
56.8388
56.8379
56.837
56.8362
56.8353
56.8345
56.8336
56.8327
56.8319
56.831
56.8302
56.8293
56.8285
56.8276
56.8267
56.8259
56.825
56.8242
56.8233
56.8224
56.8216
56.8207
56.8199
56.819
56.8182
56.8173
56.8164
56.8156
56.8147
56.8139
56.813
56.8122
56.8113
56.8104
56.8096
56.8087
56.8079
56.807
56.8062
56.8053
56.8044
56.8036
56.8027
56.8019
56.801
56.8001
56.7993
56.7984
56.7976
56.7967
56.7959
56.795
56.7941
56.7933
56.7924
56.7916
56.7907
56.7899
56.789
56.7881
56.7873
56.7864
56.7856
56.7847
56.7839
56.783
56.7821
56.7813
56.7804
56.7796
56.7787
56.7779
56.777
56.7761
56.7753
56.7744
56.7736
56.7727
56.7718
56.771
56.7701
56.7693
56.7684
56.7676
56.7667
56.7658
56.765
56.7641
56.7633
56.7624
56.7616
56.7607
56.7598
56.759
56.7581
56.7573
56.7564
56.7556
56.7547
56.7538
56.753
56.7521
56.7513
56.7504
56.7496
56.7487
56.7479
56.747
56.7461
56.7453
56.7444
56.7436
56.7427
56.7418
56.741
56.7401
56.7393
56.7384
56.7376
56.7367
56.7359
56.735
56.7341
56.7333
56.7324
56.7316
56.7307
56.7299
56.729
56.7281
56.7273
56.7264
56.7256
56.7247
56.7239
56.723
56.7222
56.7213
56.7204
56.7196
56.7187
56.7179
56.717
56.7162
56.7153
56.7144
56.7136
56.7127
56.7119
56.711
56.7102
56.7093
56.7084
56.7076
56.7067
56.7059
56.705
56.7042
56.7033
56.7025
56.7016
56.7007
56.6999
56.699
56.6982
56.6973
56.6965
56.6956
56.6948
56.6939
56.693
56.6922
56.6913
56.6905
56.6896
56.6888
56.6879
56.687
56.6862
56.6853
56.6845
56.6836
56.6828
56.6819
56.681
56.6802
56.6793
56.6785
56.6776
56.6768
56.6759
56.6751
56.6742
56.6733
56.6725
56.6716
56.6708
56.6699
56.6691
56.6682
56.6674
56.6665
56.6656
56.6648
56.6639
56.6631
56.6622
56.6614
56.6605
56.6597
56.6588
56.6579
56.6571
56.6562
56.6554
56.6545
56.6537
56.6528
56.652
56.6511
56.6502
56.6494
56.6485
56.6477
56.6468
56.646
56.6451
56.6443
56.6434
56.6426
56.6417
56.6408
56.64
56.6391
56.6383
56.6374
56.6366
56.6357
56.6349
56.634
56.6331
56.6323
56.6314
56.6306
56.6297
56.6289
56.628
56.6272
56.6263
56.6254
56.6246
56.6237
56.6229
56.622
56.6212
56.6203
56.6195
56.6186
56.6178
56.6169
56.616
56.6152
56.6143
56.6135
56.6126
56.6118
56.6109
56.6101
56.6092
56.6083
56.6075
56.6066
56.6058
56.6049
56.6041
56.6032
56.6024
56.6015
56.6007
56.5998
56.5989
56.5981
56.5972
56.5964
56.5955
56.5947
56.5938
56.593
56.5921
56.5913
56.5904
56.5895
56.5887
56.5878
56.587
56.5861
56.5853
56.5844
56.5836
56.5827
56.5819
56.581
56.5801
56.5793
56.5784
56.5776
56.5767
56.5759
56.575
56.5742
56.5733
56.5725
56.5716
56.5707
56.5699
56.569
56.5682
56.5673
56.5665
56.5656
56.5648
56.5639
56.5631
56.5622
56.5613
56.5605
56.5596
56.5588
56.5579
56.5571
56.5562
56.5554
56.5545
56.5537
56.5528
56.552
56.5511
56.5503
56.5494
56.5485
56.5477
56.5468
56.546
56.5451
56.5443
56.5434
56.5426
56.5417
56.5409
56.54
56.5392
56.5383
56.5374
56.5366
56.5357
56.5349
56.534
56.5332
56.5323
56.5315
56.5306
56.5298
56.5289
56.5281
56.5272
56.5263
56.5255
56.5246
56.5238
56.5229
56.5221
56.5212
56.5204
56.5195
56.5187
56.5178
56.517
56.5161
56.5152
56.5144
56.5135
56.5127
56.5118
56.511
56.5101
56.5093
56.5084
56.5076
56.5067
56.5059
56.505
56.5042
56.5033
56.5024
56.5016
56.5007
56.4999
56.499
56.4982
56.4973
56.4965
56.4956
56.4948
56.4939
56.4931
56.4922
56.4914
56.4905
56.4897
56.4888
56.4879
56.4871
56.4862
56.4854
56.4845
56.4837
56.4828
56.482
56.4811
56.4803
56.4794
56.4786
56.4777
56.4769
56.476
56.4752
56.4743
56.4735
56.4726
56.4717
56.4709
56.47
56.4692
56.4683
56.4675
56.4666
56.4658
56.4649
56.4641
56.4632
56.4624
56.4615
56.4607
56.4598
56.459
56.4581
56.4573
56.4564
56.4555
56.4547
56.4538
56.453
56.4521
56.4513
56.4504
56.4496
56.4487
56.4479
56.447
56.4462
56.4453
56.4445
56.4436
56.4428
56.4419
56.4411
56.4402
56.4394
56.4385
56.4376
56.4368
56.4359
56.4351
56.4342
56.4334
56.4325
56.4317
56.4308
56.43
56.4291
56.4283
56.4274
56.4266
56.4257
56.4249
56.424
56.4232
56.4223
56.4215
56.4206
56.4198
56.4189
56.418
56.4172
56.4163
56.4155
56.4146
56.4138
56.4129
56.4121
56.4112
56.4104
56.4095
56.4087
56.4078
56.407
56.4061
56.4053
56.4044
56.4036
56.4027
56.4019
56.401
56.4002
56.3993
56.3985
56.3976
56.3968
56.3959
56.3951
56.3942
56.3934
56.3925
56.3916
56.3908
56.3899
56.3891
56.3882
56.3874
56.3865
56.3857
56.3848
56.384
56.3831
56.3823
56.3814
56.3806
56.3797
56.3789
56.378
56.3772
56.3763
56.3755
56.3746
56.3738
56.3729
56.3721
56.3712
56.3704
56.3695
56.3687
56.3678
56.367
56.3661
56.3652
56.3644
56.3635
56.3627
56.3619
56.361
56.3601
56.3593
56.3584
56.3576
56.3567
56.3559
56.355
56.3542
56.3533
56.3525
56.3516
56.3508
56.3499
56.3491
56.3482
56.3474
56.3465
56.3457
56.3448
56.344
56.3431
56.3423
56.3414
56.3406
56.3397
56.3389
56.338
56.3372
56.3363
56.3355
56.3346
56.3338
56.3329
56.3321
56.3312
56.3304
56.3295
56.3287
56.3278
56.327
56.3261
56.3253
56.3244
56.3236
56.3227
56.3219
56.321
56.3202
56.3193
56.3185
56.3176
56.3168
56.3159
56.3151
56.3142
56.3134
56.3125
56.3117
56.3108
56.31
56.3091
56.3083
56.3074
56.3066
56.3057
56.3049
56.304
56.3032
56.3023
56.3015
56.3006
56.2998
56.2989
56.2981
56.2972
56.2964
56.2955
56.2947
56.2938
56.293
56.2921
56.2913
56.2904
56.2896
56.2887
56.2879
56.287
56.2862
56.2853
56.2845
56.2836
56.2828
56.2819
56.2811
56.2802
56.2794
56.2785
56.2777
56.2768
56.276
56.2751
56.2743
56.2734
56.2726
56.2717
56.2709
56.27
56.2692
56.2683
56.2675
56.2666
56.2658
56.2649
56.2641
56.2632
56.2624
56.2615
56.2607
56.2598
56.259
56.2581
56.2573
56.2564
56.2556
56.2547
56.2539
56.253
56.2522
56.2513
56.2505
56.2496
56.2488
56.2479
56.2471
56.2462
56.2454
56.2445
56.2437
56.2428
56.242
56.2411
56.2403
56.2394
56.2386
56.2377
56.2369
56.236
56.2352
56.2343
56.2335
56.2326
56.2318
56.2309
56.2301
56.2292
56.2284
56.2275
56.2267
56.2258
56.225
56.2241
56.2233
56.2224
56.2216
56.2208
56.2199
56.219
56.2182
56.2174
56.2165
56.2157
56.2148
56.214
56.2131
56.2123
56.2114
56.2106
56.2097
56.2089
56.208
56.2072
56.2063
56.2055
56.2046
56.2038
56.2029
56.2021
56.2012
56.2004
56.1995
56.1987
56.1978
56.197
56.1961
56.1953
56.1944
56.1936
56.1927
56.1919
56.191
56.1902
56.1893
56.1885
56.1877
56.1868
56.186
56.1851
56.1843
56.1834
56.1826
56.1817
56.1809
56.18
56.1792
56.1783
56.1775
56.1766
56.1758
56.1749
56.1741
56.1732
56.1724
56.1715
56.1707
56.1698
56.169
56.1681
56.1673
56.1664
56.1656
56.1647
56.1639
56.163
56.1622
56.1614
56.1605
56.1597
56.1588
56.158
56.1571
56.1563
56.1554
56.1546
56.1537
56.1529
56.152
56.1512
56.1503
56.1495
56.1486
56.1478
56.1469
56.1461
56.1452
56.1444
56.1436
56.1427
56.1419
56.141
56.1402
56.1393
56.1385
56.1376
56.1368
56.1359
56.1351
56.1342
56.1334
56.1325
56.1317
56.1308
56.13
56.1291
56.1283
56.1274
56.1266
56.1257
56.1249
56.1241
56.1232
56.1224
56.1215
56.1207
56.1198
56.119
56.1181
56.1173
56.1164
56.1156
56.1147
56.1139
56.113
56.1122
56.1113
56.1105
56.1096
56.1088
56.108
56.1071
56.1063
56.1054
56.1046
56.1037
56.1029
56.102
56.1012
56.1003
56.0995
56.0986
56.0978
56.0969
56.0961
56.0952
56.0944
56.0936
56.0927
56.0919
56.091
56.0902
56.0893
56.0885
56.0876
56.0868
56.0859
56.0851
56.0842
56.0834
56.0825
56.0817
56.0808
56.08
56.0792
56.0783
56.0775
56.0766
56.0758
56.0749
56.0741
56.0732
56.0724
56.0715
56.0707
56.0698
56.069
56.0681
56.0673
56.0665
56.0656
56.0648
56.0639
56.0631
56.0622
56.0614
56.0605
56.0597
56.0588
56.058
56.0571
56.0563
56.0554
56.0546
56.0538
56.0529
56.0521
56.0512
56.0504
56.0495
56.0487
56.0478
56.047
56.0461
56.0453
56.0444
56.0436
56.0428
56.0419
56.0411
56.0402
56.0394
56.0385
56.0377
56.0368
56.036
56.0351
56.0343
56.0334
56.0326
56.0318
56.0309
56.0301
56.0292
56.0284
56.0275
56.0267
56.0258
56.025
56.0241
56.0233
56.0224
56.0216
56.0208
56.0199
56.0191
56.0182
56.0174
56.0165
56.0157
56.0148
56.014
56.0131
56.0123
56.0115
56.0106
56.0098
56.0089
56.0081
56.0072
56.0064
56.0055
56.0047
56.0038
56.003
56.0021
56.0013
56.0005
55.9996
55.9988
55.9979
55.9971
55.9962
55.9954
55.9945
55.9937
55.9928
55.992
55.9912
55.9903
55.9895
55.9886
55.9878
55.9869
55.9861
55.9852
55.9844
55.9836
55.9827
55.9819
55.981
55.9802
55.9793
55.9785
55.9776
55.9768
55.9759
55.9751
55.9742
55.9734
55.9726
55.9717
55.9709
55.97
55.9692
55.9683
55.9675
55.9666
55.9658
55.965
55.9641
55.9633
55.9624
55.9616
55.9607
55.9599
55.959
55.9582
55.9573
55.9565
55.9557
55.9548
55.954
55.9531
55.9523
55.9514
55.9506
55.9497
55.9489
55.9481
55.9472
55.9464
55.9455
55.9447
55.9438
55.943
55.9421
55.9413
55.9404
55.9396
55.9388
55.9379
55.9371
55.9362
55.9354
55.9345
55.9337
55.9328
55.932
55.9312
55.9303
55.9295
55.9286
55.9278
55.9269
55.9261
55.9253
55.9244
55.9236
55.9227
55.9219
55.921
55.9202
55.9193
55.9185
55.9176
55.9168
55.916
55.9151
55.9143
55.9134
55.9126
55.9117
55.9109
55.91
55.9092
55.9084
55.9075
55.9067
55.9058
55.905
55.9041
55.9033
55.9025
55.9016
55.9008
55.8999
55.8991
55.8982
55.8974
55.8965
55.8957
55.8949
55.894
55.8932
55.8923
55.8915
55.8906
55.8898
55.8889
55.8881
55.8873
55.8864
55.8856
55.8847
55.8839
55.883
55.8822
55.8814
55.8805
55.8797
55.8788
55.878
55.8771
55.8763
55.8754
55.8746
55.8738
55.8729
55.8721
55.8712
55.8704
55.8695
55.8687
55.8679
55.867
55.8662
55.8653
55.8645
55.8636
55.8628
55.8619
55.8611
55.8603
55.8594
55.8586
55.8577
55.8569
55.856
55.8552
55.8544
55.8535
55.8527
55.8518
55.851
55.8501
55.8493
55.8485
55.8476
55.8468
55.8459
55.8451
55.8442
55.8434
55.8425
55.8417
55.8409
55.84
55.8392
55.8383
55.8375
55.8366
55.8358
55.835
55.8341
55.8333
55.8324
55.8316
55.8307
55.8299
55.8291
55.8282
55.8274
55.8265
55.8257
55.8248
55.824
55.8232
55.8223
55.8215
55.8206
55.8198
55.8189
55.8181
55.8173
55.8164
55.8156
55.8147
55.8139
55.813
55.8122
55.8114
55.8105
55.8097
55.8088
55.808
55.8071
55.8063
55.8055
55.8046
55.8038
55.8029
55.8021
55.8013
55.8004
55.7996
55.7987
55.7979
55.797
55.7962
55.7954
55.7945
55.7937
55.7928
55.792
55.7911
55.7903
55.7895
55.7886
55.7878
55.7869
55.7861
55.7852
55.7844
55.7836
55.7827
55.7819
55.781
55.7802
55.7793
55.7785
55.7777
55.7768
55.776
55.7751
55.7743
55.7734
55.7726
55.7718
55.7709
55.7701
55.7692
55.7684
55.7676
55.7667
55.7659
55.765
55.7642
55.7633
55.7625
55.7617
55.7608
55.76
55.7591
55.7583
55.7574
55.7566
55.7558
55.7549
55.7541
55.7532
55.7524
55.7516
55.7507
55.7499
55.749
55.7482
55.7473
55.7465
55.7457
55.7448
55.744
55.7431
55.7423
55.7415
55.7406
55.7398
55.7389
55.7381
55.7372
55.7364
55.7356
55.7347
55.7339
55.733
55.7322
55.7314
55.7305
55.7297
55.7288
55.728
55.7271
55.7263
55.7255
55.7246
55.7238
55.7229
55.7221
55.7213
55.7204
55.7196
55.7187
55.7179
55.7171
55.7162
55.7154
55.7145
55.7137
55.7128
55.712
55.7112
55.7103
55.7095
55.7086
55.7078
55.707
55.7061
55.7053
55.7044
55.7036
55.7027
55.7019
55.7011
55.7002
55.6994
55.6985
55.6977
55.6969
55.696
55.6952
55.6943
55.6935
55.6927
55.6918
55.691
55.6901
55.6893
55.6884
55.6876
55.6868
55.6859
55.6851
55.6842
55.6834
55.6826
55.6817
55.6809
55.68
55.6792
55.6784
55.6775
55.6767
55.6758
55.675
55.6742
55.6733
55.6725
55.6716
55.6708
55.67
55.6691
55.6683
55.6674
55.6666
55.6658
55.6649
55.6641
55.6632
55.6624
55.6615
55.6607
55.6599
55.659
55.6582
55.6573
55.6565
55.6557
55.6548
55.654
55.6531
55.6523
55.6515
55.6506
55.6498
55.6489
55.6481
55.6473
55.6464
55.6456
55.6447
55.6439
55.6431
55.6422
55.6414
55.6405
55.6397
55.6389
55.638
55.6372
55.6363
55.6355
55.6347
55.6338
55.633
55.6321
55.6313
55.6305
55.6296
55.6288
55.6279
55.6271
55.6263
55.6254
55.6246
55.6237
55.6229
55.6221
55.6212
55.6204
55.6195
55.6187
55.6179
55.617
55.6162
55.6153
55.6145
55.6137
55.6128
55.612
55.6111
55.6103
55.6095
55.6086
55.6078
55.6069
55.6061
55.6053
55.6044
55.6036
55.6027
55.6019
55.6011
55.6002
55.5994
55.5985
55.5977
55.5969
55.596
55.5952
55.5944
55.5935
55.5927
55.5918
55.591
55.5901
55.5893
55.5885
55.5876
55.5868
55.586
55.5851
55.5843
55.5834
55.5826
55.5818
55.5809
55.5801
55.5792
55.5784
55.5776
55.5767
55.5759
55.575
55.5742
55.5734
55.5725
55.5717
55.5708
55.57
55.5692
55.5683
55.5675
55.5667
55.5658
55.565
55.5641
55.5633
55.5625
55.5616
55.5608
55.5599
55.5591
55.5583
55.5574
55.5566
55.5557
55.5549
55.5541
55.5532
55.5524
55.5516
55.5507
55.5499
55.549
55.5482
55.5474
55.5465
55.5457
55.5448
55.544
55.5432
55.5423
55.5415
55.5406
55.5398
55.539
55.5381
55.5373
55.5365
55.5356
55.5348
55.5339
55.5331
55.5323
55.5314
55.5306
55.5297
55.5289
55.5281
55.5272
55.5264
55.5256
55.5247
55.5239
55.523
55.5222
55.5214
55.5205
55.5197
55.5188
55.518
55.5172
55.5163
55.5155
55.5147
55.5138
55.513
55.5121
55.5113
55.5105
55.5096
55.5088
55.5079
55.5071
55.5063
55.5054
55.5046
55.5038
55.5029
55.5021
55.5012
55.5004
55.4996
55.4987
55.4979
55.4971
55.4962
55.4954
55.4945
55.4937
55.4929
55.492
55.4912
55.4904
55.4895
55.4887
55.4878
55.487
55.4862
55.4853
55.4845
55.4836
55.4828
55.482
55.4811
55.4803
55.4795
55.4786
55.4778
55.4769
55.4761
55.4753
55.4744
55.4736
55.4728
55.4719
55.4711
55.4702
55.4694
55.4686
55.4677
55.4669
55.4661
55.4652
55.4644
55.4635
55.4627
55.4619
55.461
55.4602
55.4594
55.4585
55.4577
55.4568
55.456
55.4552
55.4543
55.4535
55.4527
55.4518
55.451
55.4501
55.4493
55.4485
55.4476
55.4468
55.446
55.4451
55.4443
55.4434
55.4426
55.4418
55.4409
55.4401
55.4393
55.4384
55.4376
55.4368
55.4359
55.4351
55.4342
55.4334
55.4326
55.4317
55.4309
55.4301
55.4292
55.4284
55.4275
55.4267
55.4259
55.425
55.4242
55.4234
55.4225
55.4217
55.4209
55.42
55.4192
55.4183
55.4175
55.4167
55.4158
55.415
55.4142
55.4133
55.4125
55.4116
55.4108
55.41
55.4091
55.4083
55.4075
55.4066
55.4058
55.4049
55.4041
55.4033
55.4024
55.4016
55.4008
55.3999
55.3991
55.3983
55.3974
55.3966
55.3957
55.3949
55.3941
55.3932
55.3924
55.3916
55.3907
55.3899
55.3891
55.3882
55.3874
55.3865
55.3857
55.3849
55.384
55.3832
55.3824
55.3815
55.3807
55.3799
55.379
55.3782
55.3773
55.3765
55.3757
55.3748
55.374
55.3732
55.3723
55.3715
55.3707
55.3698
55.369
55.3682
55.3673
55.3665
55.3656
55.3648
55.364
55.3631
55.3623
55.3615
55.3606
55.3598
55.359
55.3581
55.3573
55.3564
55.3556
55.3548
55.3539
55.3531
55.3523
55.3514
55.3506
55.3498
55.3489
55.3481
55.3473
55.3464
55.3456
55.3447
55.3439
55.3431
55.3422
55.3414
55.3406
55.3397
55.3389
55.3381
55.3372
55.3364
55.3356
55.3347
55.3339
55.333
55.3322
55.3314
55.3305
55.3297
55.3289
55.328
55.3272
55.3264
55.3255
55.3247
55.3239
55.323
55.3222
55.3214
55.3205
55.3197
55.3188
55.318
55.3172
55.3163
55.3155
55.3147
55.3138
55.313
55.3122
55.3113
55.3105
55.3097
55.3088
55.308
55.3072
55.3063
55.3055
55.3046
55.3038
55.303
55.3021
55.3013
55.3005
55.2996
55.2988
55.298
55.2971
55.2963
55.2955
55.2946
55.2938
55.293
55.2921
55.2913
55.2904
55.2896
55.2888
55.2879
55.2871
55.2863
55.2854
55.2846
55.2838
55.2829
55.2821
55.2813
55.2804
55.2796
55.2788
55.2779
55.2771
55.2763
55.2754
55.2746
55.2738
55.2729
55.2721
55.2712
55.2704
55.2696
55.2687
55.2679
55.2671
55.2662
55.2654
55.2646
55.2637
55.2629
55.2621
55.2612
55.2604
55.2596
55.2587
55.2579
55.2571
55.2562
55.2554
55.2546
55.2537
55.2529
55.2521
55.2512
55.2504
55.2496
55.2487
55.2479
55.2471
55.2462
55.2454
55.2446
55.2437
55.2429
55.242
55.2412
55.2404
55.2395
55.2387
55.2379
55.237
55.2362
55.2354
55.2345
55.2337
55.2329
55.232
55.2312
55.2304
55.2295
55.2287
55.2279
55.227
55.2262
55.2254
55.2245
55.2237
55.2229
55.222
55.2212
55.2204
55.2195
55.2187
55.2179
55.217
55.2162
55.2154
55.2145
55.2137
55.2129
55.212
55.2112
55.2104
55.2095
55.2087
55.2079
55.207
55.2062
55.2054
55.2045
55.2037
55.2029
55.202
55.2012
55.2004
55.1995
55.1987
55.1979
55.197
55.1962
55.1954
55.1945
55.1937
55.1929
55.192
55.1912
55.1904
55.1895
55.1887
55.1879
55.187
55.1862
55.1854
55.1845
55.1837
55.1829
55.182
55.1812
55.1804
55.1795
55.1787
55.1779
55.177
55.1762
55.1754
55.1745
55.1737
55.1729
55.172
55.1712
55.1704
55.1695
55.1687
55.1679
55.167
55.1662
55.1654
55.1645
55.1637
55.1629
55.162
55.1612
55.1604
55.1595
55.1587
55.1579
55.157
55.1562
55.1554
55.1545
55.1537
55.1529
55.152
55.1512
55.1504
55.1495
55.1487
55.1479
55.147
55.1462
55.1454
55.1445
55.1437
55.1429
55.142
55.1412
55.1404
55.1395
55.1387
55.1379
55.137
55.1362
55.1354
55.1345
55.1337
55.1329
55.1321
55.1312
55.1304
55.1295
55.1287
55.1279
55.1271
55.1262
55.1254
55.1246
55.1237
55.1229
55.1221
55.1212
55.1204
55.1196
55.1187
55.1179
55.1171
55.1162
55.1154
55.1146
55.1137
55.1129
55.1121
55.1112
55.1104
55.1096
55.1087
55.1079
55.1071
55.1063
55.1054
55.1046
55.1038
55.1029
55.1021
55.1012
55.1004
55.0996
55.0988
55.0979
55.0971
55.0963
55.0954
55.0946
55.0938
55.0929
55.0921
55.0913
55.0904
55.0896
55.0888
55.0879
55.0871
55.0863
55.0854
55.0846
55.0838
55.083
55.0821
55.0813
55.0805
55.0796
55.0788
55.078
55.0771
55.0763
55.0755
55.0746
55.0738
55.073
55.0721
55.0713
55.0705
55.0696
55.0688
55.068
55.0671
55.0663
55.0655
55.0647
55.0638
55.063
55.0622
55.0613
55.0605
55.0597
55.0588
55.058
55.0572
55.0563
55.0555
55.0547
55.0538
55.053
55.0522
55.0514
55.0505
55.0497
55.0489
55.048
55.0472
55.0464
55.0455
55.0447
55.0439
55.043
55.0422
55.0414
55.0406
55.0397
55.0389
55.0381
55.0372
55.0364
55.0356
55.0347
55.0339
55.0331
55.0322
55.0314
55.0306
55.0297
55.0289
55.0281
55.0272
55.0264
55.0256
55.0248
55.0239
55.0231
55.0223
55.0214
55.0206
55.0198
55.0189
55.0181
55.0173
55.0164
55.0156
55.0148
55.014
55.0131
55.0123
55.0115
55.0106
55.0098
55.009
55.0081
55.0073
55.0065
55.0057
55.0048
55.004
55.0032
55.0023
55.0015
55.0007
54.9998
54.999
54.9982
54.9973
54.9965
54.9957
54.9949
54.994
54.9932
54.9924
54.9915
54.9907
54.9899
54.989
54.9882
54.9874
54.9866
54.9857
54.9849
54.9841
54.9832
54.9824
54.9816
54.9807
54.9799
54.9791
54.9782
54.9774
54.9766
54.9758
54.9749
54.9741
54.9733
54.9724
54.9716
54.9708
54.97
54.9691
54.9683
54.9675
54.9666
54.9658
54.965
54.9641
54.9633
54.9625
54.9616
54.9608
54.96
54.9592
54.9583
54.9575
54.9567
54.9558
54.955
54.9542
54.9534
54.9525
54.9517
54.9509
54.95
54.9492
54.9484
54.9475
54.9467
54.9459
54.9451
54.9442
54.9434
54.9426
54.9417
54.9409
54.9401
54.9393
54.9384
54.9376
54.9368
54.9359
54.9351
54.9343
54.9334
54.9326
54.9318
54.931
54.9301
54.9293
54.9285
54.9276
54.9268
54.926
54.9251
54.9243
54.9235
54.9227
54.9218
54.921
54.9202
54.9193
54.9185
54.9177
54.9169
54.916
54.9152
54.9144
54.9135
54.9127
54.9119
54.911
54.9102
54.9094
54.9086
54.9077
54.9069
54.9061
54.9052
54.9044
54.9036
54.9028
54.9019
54.9011
54.9003
54.8994
54.8986
54.8978
54.8969
54.8961
54.8953
54.8945
54.8936
54.8928
54.892
54.8911
54.8903
54.8895
54.8887
54.8878
54.887
54.8862
54.8854
54.8845
54.8837
54.8829
54.882
54.8812
54.8804
54.8795
54.8787
54.8779
54.8771
54.8762
54.8754
54.8746
54.8737
54.8729
54.8721
54.8713
54.8704
54.8696
54.8688
54.8679
54.8671
54.8663
54.8655
54.8646
54.8638
54.863
54.8621
54.8613
54.8605
54.8597
54.8588
54.858
54.8572
54.8563
54.8555
54.8547
54.8539
54.853
54.8522
54.8514
54.8506
54.8497
54.8489
54.8481
54.8472
54.8464
54.8456
54.8448
54.8439
54.8431
54.8423
54.8414
54.8406
54.8398
54.839
54.8381
54.8373
54.8365
54.8356
54.8348
54.834
54.8332
54.8323
54.8315
54.8307
54.8298
54.829
54.8282
54.8274
54.8265
54.8257
54.8249
54.8241
54.8232
54.8224
54.8216
54.8207
54.8199
54.8191
54.8183
54.8174
54.8166
54.8158
54.815
54.8141
54.8133
54.8125
54.8116
54.8108
54.81
54.8092
54.8083
54.8075
54.8067
54.8058
54.805
54.8042
54.8034
54.8025
54.8017
54.8009
54.8001
54.7992
54.7984
54.7976
54.7967
54.7959
54.7951
54.7943
54.7934
54.7926
54.7918
54.791
54.7901
54.7893
54.7885
54.7876
54.7868
54.786
54.7852
54.7843
54.7835
54.7827
54.7819
54.781
54.7802
54.7794
54.7785
54.7777
54.7769
54.7761
54.7752
54.7744
54.7736
54.7728
54.7719
54.7711
54.7703
54.7694
54.7686
54.7678
54.767
54.7661
54.7653
54.7645
54.7637
54.7628
54.762
54.7612
54.7603
54.7595
54.7587
54.7579
54.757
54.7562
54.7554
54.7546
54.7537
54.7529
54.7521
54.7513
54.7504
54.7496
54.7488
54.7479
54.7471
54.7463
54.7455
54.7446
54.7438
54.743
54.7422
54.7413
54.7405
54.7397
54.7389
54.738
54.7372
54.7364
54.7355
54.7347
54.7339
54.7331
54.7322
54.7314
54.7306
54.7298
54.7289
54.7281
54.7273
54.7265
54.7256
54.7248
54.724
54.7232
54.7223
54.7215
54.7207
54.7198
54.719
54.7182
54.7174
54.7165
54.7157
54.7149
54.7141
54.7132
54.7124
54.7116
54.7108
54.7099
54.7091
54.7083
54.7075
54.7066
54.7058
54.705
54.7041
54.7033
54.7025
54.7017
54.7008
54.7
54.6992
54.6984
54.6975
54.6967
54.6959
54.6951
54.6942
54.6934
54.6926
54.6918
54.6909
54.6901
54.6893
54.6885
54.6876
54.6868
54.686
54.6852
54.6843
54.6835
54.6827
54.6818
54.681
54.6802
54.6794
54.6785
54.6777
54.6769
54.6761
54.6752
54.6744
54.6736
54.6728
54.6719
54.6711
54.6703
54.6695
54.6686
54.6678
54.667
54.6662
54.6653
54.6645
54.6637
54.6629
54.662
54.6612
54.6604
54.6596
54.6587
54.6579
54.6571
54.6563
54.6554
54.6546
54.6538
54.653
54.6521
54.6513
54.6505
54.6497
54.6488
54.648
54.6472
54.6464
54.6455
54.6447
54.6439
54.6431
54.6422
54.6414
54.6406
54.6398
54.6389
54.6381
54.6373
54.6365
54.6356
54.6348
54.634
54.6331
54.6323
54.6315
54.6307
54.6299
54.629
54.6282
54.6274
54.6266
54.6257
54.6249
54.6241
54.6233
54.6224
54.6216
54.6208
54.62
54.6191
54.6183
54.6175
54.6167
54.6158
54.615
54.6142
54.6134
54.6125
54.6117
54.6109
54.6101
54.6092
54.6084
54.6076
54.6068
54.6059
54.6051
54.6043
54.6035
54.6026
54.6018
54.601
54.6002
54.5993
54.5985
54.5977
54.5969
54.596
54.5952
54.5944
54.5936
54.5927
54.5919
54.5911
54.5903
54.5894
54.5886
54.5878
54.587
54.5861
54.5853
54.5845
54.5837
54.5829
54.582
54.5812
54.5804
54.5796
54.5787
54.5779
54.5771
54.5763
54.5754
54.5746
54.5738
54.573
54.5721
54.5713
54.5705
54.5697
54.5688
54.568
54.5672
54.5664
54.5655
54.5647
54.5639
54.5631
54.5622
54.5614
54.5606
54.5598
54.559
54.5581
54.5573
54.5565
54.5557
54.5548
54.554
54.5532
54.5524
54.5515
54.5507
54.5499
54.5491
54.5483
54.5474
54.5466
54.5458
54.5449
54.5441
54.5433
54.5425
54.5417
54.5408
54.54
54.5392
54.5384
54.5375
54.5367
54.5359
54.5351
54.5342
54.5334
54.5326
54.5318
54.531
54.5301
54.5293
54.5285
54.5277
54.5268
54.526
54.5252
54.5244
54.5235
54.5227
54.5219
54.5211
54.5202
54.5194
54.5186
54.5178
54.517
54.5161
54.5153
54.5145
54.5137
54.5128
54.512
54.5112
54.5104
54.5096
54.5087
54.5079
54.5071
54.5063
54.5054
54.5046
54.5038
54.503
54.5021
54.5013
54.5005
54.4997
54.4988
54.498
54.4972
54.4964
54.4956
54.4947
54.4939
54.4931
54.4923
54.4914
54.4906
54.4898
54.489
54.4882
54.4873
54.4865
54.4857
54.4849
54.484
54.4832
54.4824
54.4816
54.4808
54.4799
54.4791
54.4783
54.4775
54.4766
54.4758
54.475
54.4742
54.4733
54.4725
54.4717
54.4709
54.4701
54.4692
54.4684
54.4676
54.4668
54.4659
54.4651
54.4643
54.4635
54.4626
54.4618
54.461
54.4602
54.4594
54.4585
54.4577
54.4569
54.4561
54.4553
54.4544
54.4536
54.4528
54.452
54.4511
54.4503
54.4495
54.4487
54.4479
54.447
54.4462
54.4454
54.4446
54.4437
54.4429
54.4421
54.4413
54.4405
54.4396
54.4388
54.438
54.4372
54.4363
54.4355
54.4347
54.4339
54.4331
54.4322
54.4314
54.4306
54.4298
54.4289
54.4281
54.4273
54.4265
54.4257
54.4248
54.424
54.4232
54.4224
54.4215
54.4207
54.4199
54.4191
54.4183
54.4174
54.4166
54.4158
54.415
54.4142
54.4133
54.4125
54.4117
54.4109
54.41
54.4092
54.4084
54.4076
54.4068
54.4059
54.4051
54.4043
54.4035
54.4026
54.4018
54.401
54.4002
54.3994
54.3985
54.3977
54.3969
54.3961
54.3953
54.3944
54.3936
54.3928
54.392
54.3912
54.3903
54.3895
54.3887
54.3879
54.387
54.3862
54.3854
54.3846
54.3838
54.3829
54.3821
54.3813
54.3805
54.3797
54.3788
54.378
54.3772
54.3764
54.3755
54.3747
54.3739
54.3731
54.3723
54.3714
54.3706
54.3698
54.369
54.3682
54.3673
54.3665
54.3657
54.3649
54.3641
54.3632
54.3624
54.3616
54.3608
54.3599
54.3591
54.3583
54.3575
54.3567
54.3558
54.355
54.3542
54.3534
54.3526
54.3517
54.3509
54.3501
54.3493
54.3485
54.3476
54.3468
54.346
54.3452
54.3444
54.3435
54.3427
54.3419
54.3411
54.3403
54.3394
54.3386
54.3378
54.337
54.3361
54.3353
54.3345
54.3337
54.3329
54.3321
54.3312
54.3304
54.3296
54.3288
54.3279
54.3271
54.3263
54.3255
54.3247
54.3238
54.323
54.3222
54.3214
54.3206
54.3197
54.3189
54.3181
54.3173
54.3165
54.3156
54.3148
54.314
54.3132
54.3124
54.3115
54.3107
54.3099
54.3091
54.3083
54.3074
54.3066
54.3058
54.305
54.3042
54.3033
54.3025
54.3017
54.3009
54.3001
54.2992
54.2984
54.2976
54.2968
54.296
54.2951
54.2943
54.2935
54.2927
54.2919
54.291
54.2902
54.2894
54.2886
54.2878
54.2869
54.2861
54.2853
54.2845
54.2837
54.2828
54.282
54.2812
54.2804
54.2796
54.2787
54.2779
54.2771
54.2763
54.2755
54.2747
54.2738
54.273
54.2722
54.2714
54.2705
54.2697
54.2689
54.2681
54.2673
54.2665
54.2656
54.2648
54.264
54.2632
54.2624
54.2615
54.2607
54.2599
54.2591
54.2583
54.2574
54.2566
54.2558
54.255
54.2542
54.2533
54.2525
54.2517
54.2509
54.2501
54.2492
54.2484
54.2476
54.2468
54.246
54.2452
54.2443
54.2435
54.2427
54.2419
54.2411
54.2402
54.2394
54.2386
54.2378
54.237
54.2361
54.2353
54.2345
54.2337
54.2329
54.232
54.2312
54.2304
54.2296
54.2288
54.228
54.2271
54.2263
54.2255
54.2247
54.2239
54.223
54.2222
54.2214
54.2206
54.2198
54.2189
54.2181
54.2173
54.2165
54.2157
54.2149
54.214
54.2132
54.2124
54.2116
54.2108
54.2099
54.2091
54.2083
54.2075
54.2067
54.2058
54.205
54.2042
54.2034
54.2026
54.2018
54.2009
54.2001
54.1993
54.1985
54.1977
54.1968
54.196
54.1952
54.1944
54.1936
54.1928
54.1919
54.1911
54.1903
54.1895
54.1887
54.1878
54.187
54.1862
54.1854
54.1846
54.1838
54.1829
54.1821
54.1813
54.1805
54.1797
54.1788
54.178
54.1772
54.1764
54.1756
54.1748
54.1739
54.1731
54.1723
54.1715
54.1707
54.1698
54.169
54.1682
54.1674
54.1666
54.1658
54.1649
54.1641
54.1633
54.1625
54.1617
54.1609
54.16
54.1592
54.1584
54.1576
54.1568
54.1559
54.1551
54.1543
54.1535
54.1527
54.1519
54.151
54.1502
54.1494
54.1486
54.1478
54.1469
54.1461
54.1453
54.1445
54.1437
54.1429
54.142
54.1412
54.1404
54.1396
54.1388
54.138
54.1371
54.1363
54.1355
54.1347
54.1339
54.133
54.1322
54.1314
54.1306
54.1298
54.129
54.1281
54.1273
54.1265
54.1257
54.1249
54.1241
54.1232
54.1224
54.1216
54.1208
54.12
54.1192
54.1183
54.1175
54.1167
54.1159
54.1151
54.1143
54.1134
54.1126
54.1118
54.111
54.1102
54.1093
54.1085
54.1077
54.1069
54.1061
54.1053
54.1044
54.1036
54.1028
54.102
54.1012
54.1004
54.0995
54.0987
54.0979
54.0971
54.0963
54.0955
54.0946
54.0938
54.093
54.0922
54.0914
54.0906
54.0897
54.0889
54.0881
54.0873
54.0865
54.0857
54.0848
54.084
54.0832
54.0824
54.0816
54.0808
54.0799
54.0791
54.0783
54.0775
54.0767
54.0759
54.075
54.0742
54.0734
54.0726
54.0718
54.071
54.0701
54.0693
54.0685
54.0677
54.0669
54.0661
54.0652
54.0644
54.0636
54.0628
54.062
54.0612
54.0603
54.0595
54.0587
54.0579
54.0571
54.0563
54.0555
54.0546
54.0538
54.053
54.0522
54.0514
54.0506
54.0497
54.0489
54.0481
54.0473
54.0465
54.0457
54.0448
54.044
54.0432
54.0424
54.0416
54.0408
54.0399
54.0391
54.0383
54.0375
54.0367
54.0359
54.035
54.0342
54.0334
54.0326
54.0318
54.031
54.0302
54.0293
54.0285
54.0277
54.0269
54.0261
54.0253
54.0244
54.0236
54.0228
54.022
54.0212
54.0204
54.0196
54.0187
54.0179
54.0171
54.0163
54.0155
54.0147
54.0138
54.013
54.0122
54.0114
54.0106
54.0098
54.0089
54.0081
54.0073
54.0065
54.0057
54.0049
54.0041
54.0032
54.0024
54.0016
54.0008
54
53.9992
53.9983
53.9975
53.9967
53.9959
53.9951
53.9943
53.9935
53.9926
53.9918
53.991
53.9902
53.9894
53.9886
53.9877
53.9869
53.9861
53.9853
53.9845
53.9837
53.9829
53.982
53.9812
53.9804
53.9796
53.9788
53.978
53.9771
53.9763
53.9755
53.9747
53.9739
53.9731
53.9723
53.9714
53.9706
53.9698
53.969
53.9682
53.9674
53.9666
53.9657
53.9649
53.9641
53.9633
53.9625
53.9617
53.9608
53.96
53.9592
53.9584
53.9576
53.9568
53.956
53.9551
53.9543
53.9535
53.9527
53.9519
53.9511
53.9503
53.9494
53.9486
53.9478
53.947
53.9462
53.9454
53.9446
53.9437
53.9429
53.9421
53.9413
53.9405
53.9397
53.9389
53.938
53.9372
53.9364
53.9356
53.9348
53.934
53.9332
53.9323
53.9315
53.9307
53.9299
53.9291
53.9283
53.9274
53.9266
53.9258
53.925
53.9242
53.9234
53.9226
53.9218
53.9209
53.9201
53.9193
53.9185
53.9177
53.9169
53.9161
53.9152
53.9144
53.9136
53.9128
53.912
53.9112
53.9104
53.9095
53.9087
53.9079
53.9071
53.9063
53.9055
53.9047
53.9038
53.903
53.9022
53.9014
53.9006
53.8998
53.899
53.8981
53.8973
53.8965
53.8957
53.8949
53.8941
53.8933
53.8924
53.8916
53.8908
53.89
53.8892
53.8884
53.8876
53.8868
53.8859
53.8851
53.8843
53.8835
53.8827
53.8819
53.8811
53.8802
53.8794
53.8786
53.8778
53.877
53.8762
53.8754
53.8745
53.8737
53.8729
53.8721
53.8713
53.8705
53.8697
53.8689
53.868
53.8672
53.8664
53.8656
53.8648
53.864
53.8632
53.8623
53.8615
53.8607
53.8599
53.8591
53.8583
53.8575
53.8567
53.8558
53.855
53.8542
53.8534
53.8526
53.8518
53.851
53.8501
53.8493
53.8485
53.8477
53.8469
53.8461
53.8453
53.8445
53.8436
53.8428
53.842
53.8412
53.8404
53.8396
53.8388
53.838
53.8371
53.8363
53.8355
53.8347
53.8339
53.8331
53.8323
53.8315
53.8306
53.8298
53.829
53.8282
53.8274
53.8266
53.8258
53.8249
53.8241
53.8233
53.8225
53.8217
53.8209
53.8201
53.8193
53.8184
53.8176
53.8168
53.816
53.8152
53.8144
53.8136
53.8128
53.8119
53.8111
53.8103
53.8095
53.8087
53.8079
53.8071
53.8063
53.8054
53.8046
53.8038
53.803
53.8022
53.8014
53.8006
53.7998
53.7989
53.7981
53.7973
53.7965
53.7957
53.7949
53.7941
53.7933
53.7924
53.7916
53.7908
53.79
53.7892
53.7884
53.7876
53.7868
53.7859
53.7851
53.7843
53.7835
53.7827
53.7819
53.7811
53.7803
53.7794
53.7786
53.7778
53.777
53.7762
53.7754
53.7746
53.7738
53.773
53.7721
53.7713
53.7705
53.7697
53.7689
53.7681
53.7673
53.7665
53.7656
53.7648
53.764
53.7632
53.7624
53.7616
53.7608
53.76
53.7592
53.7583
53.7575
53.7567
53.7559
53.7551
53.7543
53.7535
53.7527
53.7518
53.751
53.7502
53.7494
53.7486
53.7478
53.747
53.7462
53.7454
53.7445
53.7437
53.7429
53.7421
53.7413
53.7405
53.7397
53.7389
53.738
53.7372
53.7364
53.7356
53.7348
53.734
53.7332
53.7324
53.7316
53.7308
53.7299
53.7291
53.7283
53.7275
53.7267
53.7259
53.7251
53.7243
53.7234
53.7226
53.7218
53.721
53.7202
53.7194
53.7186
53.7178
53.717
53.7161
53.7153
53.7145
53.7137
53.7129
53.7121
53.7113
53.7105
53.7097
53.7088
53.708
53.7072
53.7064
53.7056
53.7048
53.704
53.7032
53.7024
53.7015
53.7007
53.6999
53.6991
53.6983
53.6975
53.6967
53.6959
53.6951
53.6943
53.6934
53.6926
53.6918
53.691
53.6902
53.6894
53.6886
53.6878
53.687
53.6861
53.6853
53.6845
53.6837
53.6829
53.6821
53.6813
53.6805
53.6797
53.6788
53.678
53.6772
53.6764
53.6756
53.6748
53.674
53.6732
53.6724
53.6716
53.6707
53.6699
53.6691
53.6683
53.6675
53.6667
53.6659
53.6651
53.6643
53.6634
53.6626
53.6618
53.661
53.6602
53.6594
53.6586
53.6578
53.657
53.6562
53.6553
53.6545
53.6537
53.6529
53.6521
53.6513
53.6505
53.6497
53.6489
53.6481
53.6472
53.6464
53.6456
53.6448
53.644
53.6432
53.6424
53.6416
53.6408
53.64
53.6391
53.6383
53.6375
53.6367
53.6359
53.6351
53.6343
53.6335
53.6327
53.6319
53.631
53.6302
53.6294
53.6286
53.6278
53.627
53.6262
53.6254
53.6246
53.6238
53.6229
53.6221
53.6213
53.6205
53.6197
53.6189
53.6181
53.6173
53.6165
53.6157
53.6149
53.614
53.6132
53.6124
53.6116
53.6108
53.61
53.6092
53.6084
53.6076
53.6068
53.6059
53.6051
53.6043
53.6035
53.6027
53.6019
53.6011
53.6003
53.5995
53.5987
53.5979
53.597
53.5962
53.5954
53.5946
53.5938
53.593
53.5922
53.5914
53.5906
53.5898
53.589
53.5881
53.5873
53.5865
53.5857
53.5849
53.5841
53.5833
53.5825
53.5817
53.5809
53.5801
53.5792
53.5784
53.5776
53.5768
53.576
53.5752
53.5744
53.5736
53.5728
53.572
53.5712
53.5703
53.5695
53.5687
53.5679
53.5671
53.5663
53.5655
53.5647
53.5639
53.5631
53.5623
53.5614
53.5606
53.5598
53.559
53.5582
53.5574
53.5566
53.5558
53.555
53.5542
53.5534
53.5525
53.5517
53.5509
53.5501
53.5493
53.5485
53.5477
53.5469
53.5461
53.5453
53.5445
53.5437
53.5428
53.542
53.5412
53.5404
53.5396
53.5388
53.538
53.5372
53.5364
53.5356
53.5348
53.534
53.5331
53.5323
53.5315
53.5307
53.5299
53.5291
53.5283
53.5275
53.5267
53.5259
53.5251
53.5243
53.5234
53.5226
53.5218
53.521
53.5202
53.5194
53.5186
53.5178
53.517
53.5162
53.5154
53.5146
53.5137
53.5129
53.5121
53.5113
53.5105
53.5097
53.5089
53.5081
53.5073
53.5065
53.5057
53.5049
53.5041
53.5032
53.5024
53.5016
53.5008
53.5
53.4992
53.4984
53.4976
53.4968
53.496
53.4952
53.4944
53.4936
53.4927
53.4919
53.4911
53.4903
53.4895
53.4887
53.4879
53.4871
53.4863
53.4855
53.4847
53.4839
53.4831
53.4822
53.4814
53.4806
53.4798
53.479
53.4782
53.4774
53.4766
53.4758
53.475
53.4742
53.4734
53.4725
53.4717
53.4709
53.4701
53.4693
53.4685
53.4677
53.4669
53.4661
53.4653
53.4645
53.4637
53.4629
53.4621
53.4613
53.4604
53.4596
53.4588
53.458
53.4572
53.4564
53.4556
53.4548
53.454
53.4532
53.4524
53.4516
53.4508
53.4499
53.4491
53.4483
53.4475
53.4467
53.4459
53.4451
53.4443
53.4435
53.4427
53.4419
53.4411
53.4403
53.4395
53.4387
53.4378
53.437
53.4362
53.4354
53.4346
53.4338
53.433
53.4322
53.4314
53.4306
53.4298
53.429
53.4282
53.4274
53.4266
53.4257
53.4249
53.4241
53.4233
53.4225
53.4217
53.4209
53.4201
53.4193
53.4185
53.4177
53.4169
53.4161
53.4153
53.4144
53.4136
53.4128
53.412
53.4112
53.4104
53.4096
53.4088
53.408
53.4072
53.4064
53.4056
53.4048
53.404
53.4032
53.4024
53.4015
53.4007
53.3999
53.3991
53.3983
53.3975
53.3967
53.3959
53.3951
53.3943
53.3935
53.3927
53.3919
53.3911
53.3903
53.3895
53.3886
53.3878
53.387
53.3862
53.3854
53.3846
53.3838
53.383
53.3822
53.3814
53.3806
53.3798
53.379
53.3782
53.3774
53.3766
53.3757
53.3749
53.3741
53.3733
53.3725
53.3717
53.3709
53.3701
53.3693
53.3685
53.3677
53.3669
53.3661
53.3653
53.3645
53.3637
53.3629
53.362
53.3612
53.3604
53.3596
53.3588
53.358
53.3572
53.3564
53.3556
53.3548
53.354
53.3532
53.3524
53.3516
53.3508
53.35
53.3492
53.3484
53.3475
53.3467
53.3459
53.3451
53.3443
53.3435
53.3427
53.3419
53.3411
53.3403
53.3395
53.3387
53.3379
53.3371
53.3363
53.3355
53.3347
53.3339
53.333
53.3322
53.3314
53.3306
53.3298
53.329
53.3282
53.3274
53.3266
53.3258
53.325
53.3242
53.3234
53.3226
53.3218
53.321
53.3202
53.3194
53.3186
53.3177
53.3169
53.3161
53.3153
53.3145
53.3137
53.3129
53.3121
53.3113
53.3105
53.3097
53.3089
53.3081
53.3073
53.3065
53.3057
53.3049
53.3041
53.3033
53.3025
53.3017
53.3008
53.3
53.2992
53.2984
53.2976
53.2968
53.296
53.2952
53.2944
53.2936
53.2928
53.292
53.2912
53.2904
53.2896
53.2888
53.288
53.2872
53.2864
53.2856
53.2847
53.2839
53.2831
53.2823
53.2815
53.2807
53.2799
53.2791
53.2783
53.2775
53.2767
53.2759
53.2751
53.2743
53.2735
53.2727
53.2719
53.2711
53.2703
53.2695
53.2687
53.2679
53.2671
53.2662
53.2654
53.2646
53.2638
53.263
53.2622
53.2614
53.2606
53.2598
53.259
53.2582
53.2574
53.2566
53.2558
53.255
53.2542
53.2534
53.2526
53.2518
53.251
53.2502
53.2494
53.2486
53.2478
53.2469
53.2461
53.2453
53.2445
53.2437
53.2429
53.2421
53.2413
53.2405
53.2397
53.2389
53.2381
53.2373
53.2365
53.2357
53.2349
53.2341
53.2333
53.2325
53.2317
53.2309
53.2301
53.2293
53.2285
53.2276
53.2268
53.226
53.2252
53.2244
53.2236
53.2228
53.222
53.2212
53.2204
53.2196
53.2188
53.218
53.2172
53.2164
53.2156
53.2148
53.214
53.2132
53.2124
53.2116
53.2108
53.21
53.2092
53.2084
53.2076
53.2068
53.206
53.2052
53.2043
53.2035
53.2027
53.2019
53.2011
53.2003
53.1995
53.1987
53.1979
53.1971
53.1963
53.1955
53.1947
53.1939
53.1931
53.1923
53.1915
53.1907
53.1899
53.1891
53.1883
53.1875
53.1867
53.1859
53.1851
53.1843
53.1835
53.1827
53.1819
53.1811
53.1803
53.1795
53.1786
53.1778
53.177
53.1762
53.1754
53.1746
53.1738
53.173
53.1722
53.1714
53.1706
53.1698
53.169
53.1682
53.1674
53.1666
53.1658
53.165
53.1642
53.1634
53.1626
53.1618
53.161
53.1602
53.1594
53.1586
53.1578
53.157
53.1562
53.1554
53.1546
53.1538
53.153
53.1522
53.1514
53.1505
53.1497
53.1489
53.1481
53.1473
53.1465
53.1457
53.1449
53.1441
53.1433
53.1425
53.1417
53.1409
53.1401
53.1393
53.1385
53.1377
53.1369
53.1361
53.1353
53.1345
53.1337
53.1329
53.1321
53.1313
53.1305
53.1297
53.1289
53.1281
53.1273
53.1265
53.1257
53.1249
53.1241
53.1233
53.1225
53.1217
53.1209
53.1201
53.1193
53.1185
53.1177
53.1169
53.116
53.1152
53.1144
53.1136
53.1128
53.112
53.1112
53.1104
53.1096
53.1088
53.108
53.1072
53.1064
53.1056
53.1048
53.104
53.1032
53.1024
53.1016
53.1008
53.1
53.0992
53.0984
53.0976
53.0968
53.096
53.0952
53.0944
53.0936
53.0928
53.092
53.0912
53.0904
53.0896
53.0888
53.088
53.0872
53.0864
53.0856
53.0848
53.084
53.0832
53.0824
53.0816
53.0808
53.08
53.0792
53.0784
53.0776
53.0768
53.076
53.0752
53.0744
53.0736
53.0728
53.072
53.0712
53.0704
53.0695
53.0687
53.0679
53.0671
53.0663
53.0655
53.0647
53.0639
53.0631
53.0623
53.0615
53.0607
53.0599
53.0591
53.0583
53.0575
53.0567
53.0559
53.0551
53.0543
53.0535
53.0527
53.0519
53.0511
53.0503
53.0495
53.0487
53.0479
53.0471
53.0463
53.0455
53.0447
53.0439
53.0431
53.0423
53.0415
53.0407
53.0399
53.0391
53.0383
53.0375
53.0367
53.0359
53.0351
53.0343
53.0335
53.0327
53.0319
53.0311
53.0303
53.0295
53.0287
53.0279
53.0271
53.0263
53.0255
53.0247
53.0239
53.0231
53.0223
53.0215
53.0207
53.0199
53.0191
53.0183
53.0175
53.0167
53.0159
53.0151
53.0143
53.0135
53.0127
53.0119
53.0111
53.0103
53.0095
53.0087
53.0079
53.0071
53.0063
53.0055
53.0047
53.0039
53.0031
53.0023
53.0015
53.0007
52.9999
52.9991
52.9983
52.9975
52.9967
52.9959
52.9951
52.9943
52.9935
52.9927
52.9919
52.9911
52.9903
52.9895
52.9887
52.9879
52.9871
52.9863
52.9855
52.9847
52.9839
52.9831
52.9823
52.9815
52.9807
52.9799
52.9791
52.9783
52.9775
52.9767
52.9759
52.9751
52.9743
52.9735
52.9727
52.9719
52.9711
52.9703
52.9695
52.9687
52.9679
52.9671
52.9663
52.9655
52.9647
52.9639
52.9631
52.9623
52.9615
52.9607
52.9599
52.9591
52.9583
52.9575
52.9567
52.9559
52.9551
52.9543
52.9535
52.9527
52.9519
52.9511
52.9503
52.9495
52.9487
52.9479
52.9471
52.9463
52.9455
52.9447
52.9439
52.9431
52.9423
52.9415
52.9407
52.9399
52.9391
52.9383
52.9375
52.9367
52.9359
52.9351
52.9343
52.9335
52.9327
52.9319
52.9311
52.9303
52.9295
52.9287
52.9279
52.9271
52.9263
52.9255
52.9247
52.9239
52.9231
52.9223
52.9215
52.9207
52.9199
52.9191
52.9183
52.9175
52.9167
52.9159
52.9151
52.9143
52.9135
52.9127
52.9119
52.9111
52.9103
52.9095
52.9087
52.9079
52.9071
52.9063
52.9055
52.9047
52.9039
52.9031
52.9023
52.9015
52.9007
52.8999
52.8991
52.8983
52.8975
52.8967
52.8959
52.8951
52.8943
52.8935
52.8927
52.8919
52.8911
52.8904
52.8896
52.8887
52.888
52.8872
52.8864
52.8856
52.8848
52.884
52.8832
52.8824
52.8816
52.8808
52.88
52.8792
52.8784
52.8776
52.8768
52.876
52.8752
52.8744
52.8736
52.8728
52.872
52.8712
52.8704
52.8696
52.8688
52.868
52.8672
52.8664
52.8656
52.8648
52.864
52.8632
52.8624
52.8616
52.8608
52.86
52.8592
52.8584
52.8576
52.8568
52.856
52.8552
52.8544
52.8536
52.8528
52.852
52.8512
52.8504
52.8496
52.8488
52.848
52.8472
52.8464
52.8456
52.8448
52.844
52.8432
52.8425
52.8417
52.8409
52.8401
52.8393
52.8385
52.8377
52.8369
52.8361
52.8353
52.8345
52.8337
52.8329
52.8321
52.8313
52.8305
52.8297
52.8289
52.8281
52.8273
52.8265
52.8257
52.8249
52.8241
52.8233
52.8225
52.8217
52.8209
52.8201
52.8193
52.8185
52.8177
52.8169
52.8161
52.8153
52.8145
52.8137
52.8129
52.8121
52.8113
52.8105
52.8097
52.8089
52.8082
52.8074
52.8066
52.8058
52.805
52.8042
52.8034
52.8026
52.8018
52.801
52.8002
52.7994
52.7986
52.7978
52.797
52.7962
52.7954
52.7946
52.7938
52.793
52.7922
52.7914
52.7906
52.7898
52.789
52.7882
52.7874
52.7866
52.7858
52.785
52.7842
52.7834
52.7826
52.7818
52.781
52.7803
52.7795
52.7787
52.7779
52.7771
52.7763
52.7755
52.7747
52.7739
52.7731
52.7723
52.7715
52.7707
52.7699
52.7691
52.7683
52.7675
52.7667
52.7659
52.7651
52.7643
52.7635
52.7627
52.7619
52.7611
52.7603
52.7595
52.7587
52.7579
52.7571
52.7563
52.7556
52.7548
52.754
52.7532
52.7524
52.7516
52.7508
52.75
52.7492
52.7484
52.7476
52.7468
52.746
52.7452
52.7444
52.7436
52.7428
52.742
52.7412
52.7404
52.7396
52.7388
52.738
52.7372
52.7364
52.7356
52.7348
52.734
52.7332
52.7325
52.7317
52.7309
52.7301
52.7293
52.7285
52.7277
52.7269
52.7261
52.7253
52.7245
52.7237
52.7229
52.7221
52.7213
52.7205
52.7197
52.7189
52.7181
52.7173
52.7165
52.7157
52.7149
52.7141
52.7133
52.7125
52.7118
52.711
52.7102
52.7094
52.7086
52.7078
52.707
52.7062
52.7054
52.7046
52.7038
52.703
52.7022
52.7014
52.7006
52.6998
52.699
52.6982
52.6974
52.6966
52.6958
52.695
52.6942
52.6934
52.6926
52.6919
52.6911
52.6903
52.6895
52.6887
52.6879
52.6871
52.6863
52.6855
52.6847
52.6839
52.6831
52.6823
52.6815
52.6807
52.6799
52.6791
52.6783
52.6775
52.6767
52.6759
52.6752
52.6744
52.6736
52.6728
52.672
52.6712
52.6704
52.6696
52.6688
52.668
52.6672
52.6664
52.6656
52.6648
52.664
52.6632
52.6624
52.6616
52.6608
52.66
52.6592
52.6585
52.6577
52.6569
52.6561
52.6553
52.6545
52.6537
52.6529
52.6521
52.6513
52.6505
52.6497
52.6489
52.6481
52.6473
52.6465
52.6457
52.6449
52.6441
52.6433
52.6425
52.6418
52.641
52.6402
52.6394
52.6386
52.6378
52.637
52.6362
52.6354
52.6346
52.6338
52.633
52.6322
52.6314
52.6306
52.6298
52.629
52.6282
52.6274
52.6267
52.6259
52.6251
52.6243
52.6235
52.6227
52.6219
52.6211
52.6203
52.6195
52.6187
52.6179
52.6171
52.6163
52.6155
52.6147
52.6139
52.6131
52.6124
52.6116
52.6108
52.61
52.6092
52.6084
52.6076
52.6068
52.606
52.6052
52.6044
52.6036
52.6028
52.602
52.6012
52.6004
52.5996
52.5988
52.5981
52.5973
52.5965
52.5957
52.5949
52.5941
52.5933
52.5925
52.5917
52.5909
52.5901
52.5893
52.5885
52.5877
52.5869
52.5861
52.5853
52.5846
52.5838
52.583
52.5822
52.5814
52.5806
52.5798
52.579
52.5782
52.5774
52.5766
52.5758
52.575
52.5742
52.5734
52.5726
52.5719
52.5711
52.5703
52.5695
52.5687
52.5679
52.5671
52.5663
52.5655
52.5647
52.5639
52.5631
52.5623
52.5615
52.5607
52.5599
52.5592
52.5584
52.5576
52.5568
52.556
52.5552
52.5544
52.5536
52.5528
52.552
52.5512
52.5504
52.5496
52.5488
52.548
52.5472
52.5465
52.5457
52.5449
52.5441
52.5433
52.5425
52.5417
52.5409
52.5401
52.5393
52.5385
52.5377
52.5369
52.5361
52.5353
52.5345
52.5338
52.533
52.5322
52.5314
52.5306
52.5298
52.529
52.5282
52.5274
52.5266
52.5258
52.525
52.5242
52.5234
52.5227
52.5219
52.5211
52.5203
52.5195
52.5187
52.5179
52.5171
52.5163
52.5155
52.5147
52.5139
52.5131
52.5123
52.5116
52.5108
52.51
52.5092
52.5084
52.5076
52.5068
52.506
52.5052
52.5044
52.5036
52.5028
52.502
52.5012
52.5005
52.4997
52.4989
52.4981
52.4973
52.4965
52.4957
52.4949
52.4941
52.4933
52.4925
52.4917
52.4909
52.4902
52.4894
52.4886
52.4878
52.487
52.4862
52.4854
52.4846
52.4838
52.483
52.4822
52.4814
52.4806
52.4798
52.4791
52.4783
52.4775
52.4767
52.4759
52.4751
52.4743
52.4735
52.4727
52.4719
52.4711
52.4703
52.4695
52.4688
52.468
52.4672
52.4664
52.4656
52.4648
52.464
52.4632
52.4624
52.4616
52.4608
52.46
52.4592
52.4585
52.4577
52.4569
52.4561
52.4553
52.4545
52.4537
52.4529
52.4521
52.4513
52.4505
52.4497
52.449
52.4482
52.4474
52.4466
52.4458
52.445
52.4442
52.4434
52.4426
52.4418
52.441
52.4402
52.4394
52.4387
52.4379
52.4371
52.4363
52.4355
52.4347
52.4339
52.4331
52.4323
52.4315
52.4307
52.4299
52.4292
52.4284
52.4276
52.4268
52.426
52.4252
52.4244
52.4236
52.4228
52.422
52.4212
52.4204
52.4197
52.4189
52.4181
52.4173
52.4165
52.4157
52.4149
52.4141
52.4133
52.4125
52.4117
52.4109
52.4102
52.4094
52.4086
52.4078
52.407
52.4062
52.4054
52.4046
52.4038
52.403
52.4022
52.4015
52.4007
52.3999
52.3991
52.3983
52.3975
52.3967
52.3959
52.3951
52.3943
52.3935
52.3927
52.392
52.3912
52.3904
52.3896
52.3888
52.388
52.3872
52.3864
52.3856
52.3848
52.384
52.3833
52.3825
52.3817
52.3809
52.3801
52.3793
52.3785
52.3777
52.3769
52.3761
52.3753
52.3746
52.3738
52.373
52.3722
52.3714
52.3706
52.3698
52.369
52.3682
52.3674
52.3666
52.3659
52.3651
52.3643
52.3635
52.3627
52.3619
52.3611
52.3603
52.3595
52.3587
52.3579
52.3572
52.3564
52.3556
52.3548
52.354
52.3532
52.3524
52.3516
52.3508
52.35
52.3493
52.3485
52.3477
52.3469
52.3461
52.3453
52.3445
52.3437
52.3429
52.3421
52.3413
52.3406
52.3398
52.339
52.3382
52.3374
52.3366
52.3358
52.335
52.3342
52.3334
52.3327
52.3319
52.3311
52.3303
52.3295
52.3287
52.3279
52.3271
52.3263
52.3255
52.3248
52.324
52.3232
52.3224
52.3216
52.3208
52.32
52.3192
52.3184
52.3176
52.3169
52.3161
52.3153
52.3145
52.3137
52.3129
52.3121
52.3113
52.3105
52.3097
52.309
52.3082
52.3074
52.3066
52.3058
52.305
52.3042
52.3034
52.3026
52.3018
52.3011
52.3003
52.2995
52.2987
52.2979
52.2971
52.2963
52.2955
52.2947
52.2939
52.2932
52.2924
52.2916
52.2908
52.29
52.2892
52.2884
52.2876
52.2868
52.2861
52.2853
52.2845
52.2837
52.2829
52.2821
52.2813
52.2805
52.2797
52.2789
52.2782
52.2774
52.2766
52.2758
52.275
52.2742
52.2734
52.2726
52.2718
52.2711
52.2703
52.2695
52.2687
52.2679
52.2671
52.2663
52.2655
52.2647
52.264
52.2632
52.2624
52.2616
52.2608
52.26
52.2592
52.2584
52.2576
52.2569
52.2561
52.2553
52.2545
52.2537
52.2529
52.2521
52.2513
52.2505
52.2497
52.249
52.2482
52.2474
52.2466
52.2458
52.245
52.2442
52.2434
52.2426
52.2419
52.2411
52.2403
52.2395
52.2387
52.2379
52.2371
52.2363
52.2355
52.2348
52.234
52.2332
52.2324
52.2316
52.2308
52.23
52.2292
52.2285
52.2277
52.2269
52.2261
52.2253
52.2245
52.2237
52.2229
52.2221
52.2214
52.2206
52.2198
52.219
52.2182
52.2174
52.2166
52.2158
52.215
52.2143
52.2135
52.2127
52.2119
52.2111
52.2103
52.2095
52.2087
52.208
52.2072
52.2064
52.2056
52.2048
52.204
52.2032
52.2024
52.2016
52.2009
52.2001
52.1993
52.1985
52.1977
52.1969
52.1961
52.1953
52.1945
52.1938
52.193
52.1922
52.1914
52.1906
52.1898
52.189
52.1882
52.1875
52.1867
52.1859
52.1851
52.1843
52.1835
52.1827
52.1819
52.1811
52.1804
52.1796
52.1788
52.178
52.1772
52.1764
52.1756
52.1748
52.1741
52.1733
52.1725
52.1717
52.1709
52.1701
52.1693
52.1685
52.1678
52.167
52.1662
52.1654
52.1646
52.1638
52.163
52.1622
52.1615
52.1607
52.1599
52.1591
52.1583
52.1575
52.1567
52.1559
52.1552
52.1544
52.1536
52.1528
52.152
52.1512
52.1504
52.1496
52.1489
52.1481
52.1473
52.1465
52.1457
52.1449
52.1441
52.1433
52.1426
52.1418
52.141
52.1402
52.1394
52.1386
52.1378
52.137
52.1363
52.1355
52.1347
52.1339
52.1331
52.1323
52.1315
52.1307
52.13
52.1292
52.1284
52.1276
52.1268
52.126
52.1252
52.1245
52.1237
52.1229
52.1221
52.1213
52.1205
52.1197
52.1189
52.1182
52.1174
52.1166
52.1158
52.115
52.1142
52.1134
52.1126
52.1119
52.1111
52.1103
52.1095
52.1087
52.1079
52.1071
52.1063
52.1056
52.1048
52.104
52.1032
52.1024
52.1016
52.1008
52.1001
52.0993
52.0985
52.0977
52.0969
52.0961
52.0953
52.0946
52.0938
52.093
52.0922
52.0914
52.0906
52.0898
52.089
52.0883
52.0875
52.0867
52.0859
52.0851
52.0843
52.0835
52.0828
52.082
52.0812
52.0804
52.0796
52.0788
52.078
52.0772
52.0765
52.0757
52.0749
52.0741
52.0733
52.0725
52.0717
52.071
52.0702
52.0694
52.0686
52.0678
52.067
52.0662
52.0655
52.0647
52.0639
52.0631
52.0623
52.0615
52.0607
52.06
52.0592
52.0584
52.0576
52.0568
52.056
52.0552
52.0544
52.0537
52.0529
52.0521
52.0513
52.0505
52.0497
52.0489
52.0482
52.0474
52.0466
52.0458
52.045
52.0442
52.0434
52.0427
52.0419
52.0411
52.0403
52.0395
52.0387
52.0379
52.0372
52.0364
52.0356
52.0348
52.034
52.0332
52.0324
52.0317
52.0309
52.0301
52.0293
52.0285
52.0277
52.0269
52.0262
52.0254
52.0246
52.0238
52.023
52.0222
52.0214
52.0207
52.0199
52.0191
52.0183
52.0175
52.0167
52.0159
52.0152
52.0144
52.0136
52.0128
52.012
52.0112
52.0104
52.0097
52.0089
52.0081
52.0073
52.0065
52.0057
52.005
52.0042
52.0034
52.0026
52.0018
52.001
52.0002
51.9995
51.9987
51.9979
51.9971
51.9963
51.9955
51.9947
51.994
51.9932
51.9924
51.9916
51.9908
51.99
51.9892
51.9885
51.9877
51.9869
51.9861
51.9853
51.9845
51.9837
51.983
51.9822
51.9814
51.9806
51.9798
51.979
51.9783
51.9775
51.9767
51.9759
51.9751
51.9743
51.9735
51.9728
51.972
51.9712
51.9704
51.9696
51.9688
51.9681
51.9673
51.9665
51.9657
51.9649
51.9641
51.9633
51.9626
51.9618
51.961
51.9602
51.9594
51.9586
51.9579
51.9571
51.9563
51.9555
51.9547
51.9539
51.9531
51.9524
51.9516
51.9508
51.95
51.9492
51.9484
51.9477
51.9469
51.9461
51.9453
51.9445
51.9437
51.943
51.9422
51.9414
51.9406
51.9398
51.939
51.9382
51.9375
51.9367
51.9359
51.9351
51.9343
51.9335
51.9328
51.932
51.9312
51.9304
51.9296
51.9288
51.9281
51.9273
51.9265
51.9257
51.9249
51.9241
51.9233
51.9226
51.9218
51.921
51.9202
51.9194
51.9186
51.9179
51.9171
51.9163
51.9155
51.9147
51.9139
51.9132
51.9124
51.9116
51.9108
51.91
51.9092
51.9085
51.9077
51.9069
51.9061
51.9053
51.9045
51.9037
51.903
51.9022
51.9014
51.9006
51.8998
51.899
51.8983
51.8975
51.8967
51.8959
51.8951
51.8943
51.8936
51.8928
51.892
51.8912
51.8904
51.8896
51.8889
51.8881
51.8873
51.8865
51.8857
51.8849
51.8842
51.8834
51.8826
51.8818
51.881
51.8802
51.8795
51.8787
51.8779
51.8771
51.8763
51.8755
51.8748
51.874
51.8732
51.8724
51.8716
51.8708
51.8701
51.8693
51.8685
51.8677
51.8669
51.8661
51.8654
51.8646
51.8638
51.863
51.8622
51.8614
51.8607
51.8599
51.8591
51.8583
51.8575
51.8567
51.856
51.8552
51.8544
51.8536
51.8528
51.852
51.8513
51.8505
51.8497
51.8489
51.8481
51.8473
51.8466
51.8458
51.845
51.8442
51.8434
51.8427
51.8419
51.8411
51.8403
51.8395
51.8387
51.838
51.8372
51.8364
51.8356
51.8348
51.834
51.8333
51.8325
51.8317
51.8309
51.8301
51.8293
51.8286
51.8278
51.827
51.8262
51.8254
51.8246
51.8239
51.8231
51.8223
51.8215
51.8207
51.82
51.8192
51.8184
51.8176
51.8168
51.816
51.8153
51.8145
51.8137
51.8129
51.8121
51.8113
51.8106
51.8098
51.809
51.8082
51.8074
51.8067
51.8059
51.8051
51.8043
51.8035
51.8027
51.802
51.8012
51.8004
51.7996
51.7988
51.798
51.7973
51.7965
51.7957
51.7949
51.7941
51.7934
51.7926
51.7918
51.791
51.7902
51.7894
51.7887
51.7879
51.7871
51.7863
51.7855
51.7848
51.784
51.7832
51.7824
51.7816
51.7808
51.7801
51.7793
51.7785
51.7777
51.7769
51.7762
51.7754
51.7746
51.7738
51.773
51.7722
51.7715
51.7707
51.7699
51.7691
51.7683
51.7676
51.7668
51.766
51.7652
51.7644
51.7636
51.7629
51.7621
51.7613
51.7605
51.7597
51.759
51.7582
51.7574
51.7566
51.7558
51.755
51.7543
51.7535
51.7527
51.7519
51.7511
51.7504
51.7496
51.7488
51.748
51.7472
51.7465
51.7457
51.7449
51.7441
51.7433
51.7425
51.7418
51.741
51.7402
51.7394
51.7386
51.7379
51.7371
51.7363
51.7355
51.7347
51.7339
51.7332
51.7324
51.7316
51.7308
51.73
51.7293
51.7285
51.7277
51.7269
51.7261
51.7254
51.7246
51.7238
51.723
51.7222
51.7215
51.7207
51.7199
51.7191
51.7183
51.7175
51.7168
51.716
51.7152
51.7144
51.7136
51.7129
51.7121
51.7113
51.7105
51.7097
51.709
51.7082
51.7074
51.7066
51.7058
51.7051
51.7043
51.7035
51.7027
51.7019
51.7011
51.7004
51.6996
51.6988
51.698
51.6973
51.6965
51.6957
51.6949
51.6941
51.6933
51.6926
51.6918
51.691
51.6902
51.6894
51.6887
51.6879
51.6871
51.6863
51.6855
51.6848
51.684
51.6832
51.6824
51.6816
51.6809
51.6801
51.6793
51.6785
51.6777
51.677
51.6762
51.6754
51.6746
51.6738
51.6731
51.6723
51.6715
51.6707
51.6699
51.6692
51.6684
51.6676
51.6668
51.666
51.6652
51.6645
51.6637
51.6629
51.6621
51.6614
51.6606
51.6598
51.659
51.6582
51.6575
51.6567
51.6559
51.6551
51.6543
51.6535
51.6528
51.652
51.6512
51.6504
51.6497
51.6489
51.6481
51.6473
51.6465
51.6458
51.645
51.6442
51.6434
51.6426
51.6419
51.6411
51.6403
51.6395
51.6387
51.638
51.6372
51.6364
51.6356
51.6348
51.6341
51.6333
51.6325
51.6317
51.6309
51.6302
51.6294
51.6286
51.6278
51.627
51.6263
51.6255
51.6247
51.6239
51.6231
51.6224
51.6216
51.6208
51.62
51.6192
51.6185
51.6177
51.6169
51.6161
51.6153
51.6146
51.6138
51.613
51.6122
51.6115
51.6107
51.6099
51.6091
51.6083
51.6076
51.6068
51.606
51.6052
51.6044
51.6037
51.6029
51.6021
51.6013
51.6005
51.5998
51.599
51.5982
51.5974
51.5966
51.5959
51.5951
51.5943
51.5935
51.5927
51.592
51.5912
51.5904
51.5896
51.5889
51.5881
51.5873
51.5865
51.5857
51.585
51.5842
51.5834
51.5826
51.5818
51.5811
51.5803
51.5795
51.5787
51.5779
51.5772
51.5764
51.5756
51.5748
51.5741
51.5733
51.5725
51.5717
51.5709
51.5702
51.5694
51.5686
51.5678
51.567
51.5663
51.5655
51.5647
51.5639
51.5632
51.5624
51.5616
51.5608
51.56
51.5593
51.5585
51.5577
51.5569
51.5561
51.5554
51.5546
51.5538
51.553
51.5523
51.5515
51.5507
51.5499
51.5491
51.5484
51.5476
51.5468
51.546
51.5452
51.5445
51.5437
51.5429
51.5421
51.5414
51.5406
51.5398
51.539
51.5382
51.5375
51.5367
51.5359
51.5351
51.5344
51.5336
51.5328
51.532
51.5312
51.5305
51.5297
51.5289
51.5281
51.5273
51.5266
51.5258
51.525
51.5242
51.5235
51.5227
51.5219
51.5211
51.5203
51.5196
51.5188
51.518
51.5172
51.5165
51.5157
51.5149
51.5141
51.5133
51.5126
51.5118
51.511
51.5102
51.5095
51.5087
51.5079
51.5071
51.5063
51.5056
51.5048
51.504
51.5032
51.5025
51.5017
51.5009
51.5001
51.4993
51.4986
51.4978
51.497
51.4962
51.4955
51.4947
51.4939
51.4931
51.4923
51.4916
51.4908
51.49
51.4892
51.4885
51.4877
51.4869
51.4861
51.4854
51.4846
51.4838
51.483
51.4822
51.4815
51.4807
51.4799
51.4791
51.4784
51.4776
51.4768
51.476
51.4752
51.4745
51.4737
51.4729
51.4721
51.4714
51.4706
51.4698
51.469
51.4683
51.4675
51.4667
51.4659
51.4651
51.4644
51.4636
51.4628
51.462
51.4613
51.4605
51.4597
51.4589
51.4581
51.4574
51.4566
51.4558
51.455
51.4543
51.4535
51.4527
51.4519
51.4512
51.4504
51.4496
51.4488
51.448
51.4473
51.4465
51.4457
51.4449
51.4442
51.4434
51.4426
51.4418
51.4411
51.4403
51.4395
51.4387
51.4379
51.4372
51.4364
51.4356
51.4348
51.4341
51.4333
51.4325
51.4317
51.431
51.4302
51.4294
51.4286
51.4279
51.4271
51.4263
51.4255
51.4247
51.424
51.4232
51.4224
51.4216
51.4209
51.4201
51.4193
51.4185
51.4178
51.417
51.4162
51.4154
51.4147
51.4139
51.4131
51.4123
51.4115
51.4108
51.41
51.4092
51.4084
51.4077
51.4069
51.4061
51.4053
51.4046
51.4038
51.403
51.4022
51.4015
51.4007
51.3999
51.3991
51.3983
51.3976
51.3968
51.396
51.3952
51.3945
51.3937
51.3929
51.3921
51.3914
51.3906
51.3898
51.389
51.3883
51.3875
51.3867
51.3859
51.3852
51.3844
51.3836
51.3828
51.3821
51.3813
51.3805
51.3797
51.379
51.3782
51.3774
51.3766
51.3759
51.3751
51.3743
51.3735
51.3727
51.372
51.3712
51.3704
51.3696
51.3689
51.3681
51.3673
51.3665
51.3658
51.365
51.3642
51.3634
51.3627
51.3619
51.3611
51.3603
51.3596
51.3588
51.358
51.3572
51.3565
51.3557
51.3549
51.3541
51.3534
51.3526
51.3518
51.351
51.3503
51.3495
51.3487
51.3479
51.3472
51.3464
51.3456
51.3448
51.3441
51.3433
51.3425
51.3417
51.341
51.3402
51.3394
51.3386
51.3379
51.3371
51.3363
51.3355
51.3348
51.334
51.3332
51.3324
51.3316
51.3309
51.3301
51.3293
51.3285
51.3278
51.327
51.3262
51.3254
51.3247
51.3239
51.3231
51.3223
51.3216
51.3208
51.32
51.3192
51.3185
51.3177
51.3169
51.3162
51.3154
51.3146
51.3138
51.313
51.3123
51.3115
51.3107
51.3099
51.3092
51.3084
51.3076
51.3069
51.3061
51.3053
51.3045
51.3038
51.303
51.3022
51.3014
51.3007
51.2999
51.2991
51.2983
51.2976
51.2968
51.296
51.2952
51.2945
51.2937
51.2929
51.2921
51.2914
51.2906
51.2898
51.289
51.2883
51.2875
51.2867
51.2859
51.2852
51.2844
51.2836
51.2828
51.2821
51.2813
51.2805
51.2797
51.279
51.2782
51.2774
51.2766
51.2759
51.2751
51.2743
51.2735
51.2728
51.272
51.2712
51.2704
51.2697
51.2689
51.2681
51.2674
51.2666
51.2658
51.265
51.2643
51.2635
51.2627
51.2619
51.2612
51.2604
51.2596
51.2588
51.2581
51.2573
51.2565
51.2557
51.255
51.2542
51.2534
51.2526
51.2519
51.2511
51.2503
51.2496
51.2488
51.248
51.2472
51.2465
51.2457
51.2449
51.2441
51.2434
51.2426
51.2418
51.241
51.2403
51.2395
51.2387
51.2379
51.2372
51.2364
51.2356
51.2348
51.2341
51.2333
51.2325
51.2318
51.231
51.2302
51.2294
51.2287
51.2279
51.2271
51.2263
51.2256
51.2248
51.224
51.2232
51.2225
51.2217
51.2209
51.2201
51.2194
51.2186
51.2178
51.2171
51.2163
51.2155
51.2147
51.214
51.2132
51.2124
51.2116
51.2109
51.2101
51.2093
51.2086
51.2078
51.207
51.2062
51.2055
51.2047
51.2039
51.2031
51.2024
51.2016
51.2008
51.2
51.1993
51.1985
51.1977
51.197
51.1962
51.1954
51.1946
51.1939
51.1931
51.1923
51.1915
51.1908
51.19
51.1892
51.1884
51.1877
51.1869
51.1861
51.1854
51.1846
51.1838
51.183
51.1823
51.1815
51.1807
51.18
51.1792
51.1784
51.1776
51.1769
51.1761
51.1753
51.1745
51.1738
51.173
51.1722
51.1714
51.1707
51.1699
51.1691
51.1684
51.1676
51.1668
51.166
51.1653
51.1645
51.1637
51.1629
51.1622
51.1614
51.1606
51.1599
51.1591
51.1583
51.1575
51.1568
51.156
51.1552
51.1545
51.1537
51.1529
51.1521
51.1514
51.1506
51.1498
51.149
51.1483
51.1475
51.1467
51.146
51.1452
51.1444
51.1436
51.1429
51.1421
51.1413
51.1405
51.1398
51.139
51.1382
51.1375
51.1367
51.1359
51.1351
51.1344
51.1336
51.1328
51.1321
51.1313
51.1305
51.1297
51.129
51.1282
51.1274
51.1267
51.1259
51.1251
51.1243
51.1236
51.1228
51.122
51.1213
51.1205
51.1197
51.1189
51.1182
51.1174
51.1166
51.1158
51.1151
51.1143
51.1135
51.1128
51.112
51.1112
51.1104
51.1097
51.1089
51.1081
51.1074
51.1066
51.1058
51.105
51.1043
51.1035
51.1027
51.102
51.1012
51.1004
51.0996
51.0989
51.0981
51.0973
51.0966
51.0958
51.095
51.0942
51.0935
51.0927
51.0919
51.0912
51.0904
51.0896
51.0888
51.0881
51.0873
51.0865
51.0858
51.085
51.0842
51.0834
51.0827
51.0819
51.0811
51.0804
51.0796
51.0788
51.078
51.0773
51.0765
51.0757
51.075
51.0742
51.0734
51.0726
51.0719
51.0711
51.0703
51.0696
51.0688
51.068
51.0672
51.0665
51.0657
51.0649
51.0642
51.0634
51.0626
51.0618
51.0611
51.0603
51.0595
51.0588
51.058
51.0572
51.0564
51.0557
51.0549
51.0541
51.0534
51.0526
51.0518
51.051
51.0503
51.0495
51.0487
51.048
51.0472
51.0464
51.0457
51.0449
51.0441
51.0433
51.0426
51.0418
51.041
51.0403
51.0395
51.0387
51.0379
51.0372
51.0364
51.0356
51.0349
51.0341
51.0333
51.0326
51.0318
51.031
51.0302
51.0295
51.0287
51.0279
51.0272
51.0264
51.0256
51.0248
51.0241
51.0233
51.0225
51.0218
51.021
51.0202
51.0195
51.0187
51.0179
51.0171
51.0164
51.0156
51.0148
51.0141
51.0133
51.0125
51.0117
51.011
51.0102
51.0094
51.0087
51.0079
51.0071
51.0064
51.0056
51.0048
51.004
51.0033
51.0025
51.0017
51.001
51.0002
50.9994
50.9987
50.9979
50.9971
50.9963
50.9956
50.9948
50.994
50.9933
50.9925
50.9917
50.991
50.9902
50.9894
50.9886
50.9879
50.9871
50.9863
50.9856
50.9848
50.984
50.9833
50.9825
50.9817
50.9809
50.9802
50.9794
50.9786
50.9779
50.9771
50.9763
50.9756
50.9748
50.974
50.9733
50.9725
50.9717
50.9709
50.9702
50.9694
50.9686
50.9679
50.9671
50.9663
50.9656
50.9648
50.964
50.9632
50.9625
50.9617
50.9609
50.9602
50.9594
50.9586
50.9579
50.9571
50.9563
50.9556
50.9548
50.954
50.9532
50.9525
50.9517
50.9509
50.9502
50.9494
50.9486
50.9479
50.9471
50.9463
50.9455
50.9448
50.944
50.9432
50.9425
50.9417
50.9409
50.9402
50.9394
50.9386
50.9379
50.9371
50.9363
50.9356
50.9348
50.934
50.9332
50.9325
50.9317
50.9309
50.9302
50.9294
50.9286
50.9279
50.9271
50.9263
50.9256
50.9248
50.924
50.9232
50.9225
50.9217
50.9209
50.9202
50.9194
50.9186
50.9179
50.9171
50.9163
50.9156
50.9148
50.914
50.9132
50.9125
50.9117
50.9109
50.9102
50.9094
50.9086
50.9079
50.9071
50.9063
50.9056
50.9048
50.904
50.9033
50.9025
50.9017
50.901
50.9002
50.8994
50.8986
50.8979
50.8971
50.8963
50.8956
50.8948
50.894
50.8933
50.8925
50.8917
50.891
50.8902
50.8894
50.8887
50.8879
50.8871
50.8863
50.8856
50.8848
50.884
50.8833
50.8825
50.8817
50.881
50.8802
50.8794
50.8787
50.8779
50.8771
50.8764
50.8756
50.8748
50.8741
50.8733
50.8725
50.8717
50.871
50.8702
50.8694
50.8687
50.8679
50.8671
50.8664
50.8656
50.8648
50.8641
50.8633
50.8625
50.8618
50.861
50.8602
50.8595
50.8587
50.8579
50.8572
50.8564
50.8556
50.8549
50.8541
50.8533
50.8526
50.8518
50.851
50.8502
50.8495
50.8487
50.8479
50.8472
50.8464
50.8456
50.8449
50.8441
50.8433
50.8426
50.8418
50.841
50.8403
50.8395
50.8387
50.838
50.8372
50.8364
50.8357
50.8349
50.8341
50.8334
50.8326
50.8318
50.8311
50.8303
50.8295
50.8288
50.828
50.8272
50.8265
50.8257
50.8249
50.8241
50.8234
50.8226
50.8218
50.8211
50.8203
50.8195
50.8188
50.818
50.8172
50.8165
50.8157
50.8149
50.8142
50.8134
50.8126
50.8119
50.8111
50.8103
50.8096
50.8088
50.808
50.8073
50.8065
50.8057
50.805
50.8042
50.8034
50.8027
50.8019
50.8011
50.8004
50.7996
50.7988
50.7981
50.7973
50.7965
50.7958
50.795
50.7942
50.7935
50.7927
50.7919
50.7912
50.7904
50.7896
50.7889
50.7881
50.7873
50.7866
50.7858
50.785
50.7843
50.7835
50.7827
50.782
50.7812
50.7804
50.7797
50.7789
50.7781
50.7774
50.7766
50.7758
50.7751
50.7743
50.7735
50.7728
50.772
50.7712
50.7705
50.7697
50.7689
50.7682
50.7674
50.7666
50.7659
50.7651
50.7643
50.7636
50.7628
50.762
50.7613
50.7605
50.7597
50.759
50.7582
50.7574
50.7567
50.7559
50.7551
50.7544
50.7536
50.7528
50.7521
50.7513
50.7505
50.7498
50.749
50.7482
50.7475
50.7467
50.7459
50.7452
50.7444
50.7436
50.7429
50.7421
50.7413
50.7406
50.7398
50.739
50.7383
50.7375
50.7367
50.736
50.7352
50.7344
50.7337
50.7329
50.7321
50.7314
50.7306
50.7298
50.7291
50.7283
50.7275
50.7268
50.726
50.7252
50.7245
50.7237
50.7229
50.7222
50.7214
50.7206
50.7199
50.7191
50.7183
50.7176
50.7168
50.7161
50.7153
50.7145
50.7138
50.713
50.7122
50.7115
50.7107
50.7099
50.7092
50.7084
50.7076
50.7069
50.7061
50.7053
50.7046
50.7038
50.703
50.7023
50.7015
50.7007
50.7
50.6992
50.6984
50.6977
50.6969
50.6961
50.6954
50.6946
50.6938
50.6931
50.6923
50.6916
50.6908
50.69
50.6893
50.6885
50.6877
50.687
50.6862
50.6854
50.6847
50.6839
50.6831
50.6824
50.6816
50.6808
50.6801
50.6793
50.6785
50.6778
50.677
50.6762
50.6755
50.6747
50.674
50.6732
50.6724
50.6716
50.6709
50.6701
50.6694
50.6686
50.6678
50.6671
50.6663
50.6655
50.6648
50.664
50.6632
50.6625
50.6617
50.6609
50.6602
50.6594
50.6586
50.6579
50.6571
50.6564
50.6556
50.6548
50.6541
50.6533
50.6525
50.6518
50.651
50.6502
50.6495
50.6487
50.6479
50.6472
50.6464
50.6456
50.6449
50.6441
50.6434
50.6426
50.6418
50.6411
50.6403
50.6395
50.6388
50.638
50.6372
50.6365
50.6357
50.6349
50.6342
50.6334
50.6326
50.6319
50.6311
50.6304
50.6296
50.6288
50.6281
50.6273
50.6265
50.6258
50.625
50.6242
50.6235
50.6227
50.6219
50.6212
50.6204
50.6196
50.6189
50.6181
50.6174
50.6166
50.6158
50.6151
50.6143
50.6135
50.6128
50.612
50.6112
50.6105
50.6097
50.609
50.6082
50.6074
50.6067
50.6059
50.6051
50.6044
50.6036
50.6028
50.6021
50.6013
50.6005
50.5998
50.599
50.5983
50.5975
50.5967
50.596
50.5952
50.5944
50.5937
50.5929
50.5921
50.5914
50.5906
50.5898
50.5891
50.5883
50.5876
50.5868
50.586
50.5853
50.5845
50.5837
50.583
50.5822
50.5814
50.5807
50.5799
50.5792
50.5784
50.5776
50.5769
50.5761
50.5753
50.5746
50.5738
50.573
50.5723
50.5715
50.5708
50.57
50.5692
50.5685
50.5677
50.5669
50.5662
50.5654
50.5646
50.5639
50.5631
50.5624
50.5616
50.5608
50.5601
50.5593
50.5585
50.5578
50.557
50.5562
50.5555
50.5547
50.554
50.5532
50.5524
50.5517
50.5509
50.5501
50.5494
50.5486
50.5479
50.5471
50.5463
50.5456
50.5448
50.544
50.5433
50.5425
50.5417
50.541
50.5402
50.5395
50.5387
50.5379
50.5372
50.5364
50.5356
50.5349
50.5341
50.5333
50.5326
50.5318
50.5311
50.5303
50.5295
50.5288
50.528
50.5272
50.5265
50.5257
50.525
50.5242
50.5234
50.5227
50.5219
50.5211
50.5204
50.5196
50.5189
50.5181
50.5173
50.5166
50.5158
50.515
50.5143
50.5135
50.5128
50.512
50.5112
50.5105
50.5097
50.5089
50.5082
50.5074
50.5066
50.5059
50.5051
50.5044
50.5036
50.5028
50.5021
50.5013
50.5006
50.4998
50.499
50.4983
50.4975
50.4967
50.496
50.4952
50.4944
50.4937
50.4929
50.4922
50.4914
50.4906
50.4899
50.4891
50.4883
50.4876
50.4868
50.4861
50.4853
50.4845
50.4838
50.483
50.4823
50.4815
50.4807
50.48
50.4792
50.4784
50.4777
50.4769
50.4762
50.4754
50.4746
50.4739
50.4731
50.4723
50.4716
50.4708
50.4701
50.4693
50.4685
50.4678
50.467
50.4662
50.4655
50.4647
50.464
50.4632
50.4624
50.4617
50.4609
50.4601
50.4594
50.4586
50.4579
50.4571
50.4563
50.4556
50.4548
50.4541
50.4533
50.4525
50.4518
50.451
50.4502
50.4495
50.4487
50.448
50.4472
50.4464
50.4457
50.4449
50.4442
50.4434
50.4426
50.4419
50.4411
50.4403
50.4396
50.4388
50.4381
50.4373
50.4365
50.4358
50.435
50.4342
50.4335
50.4327
50.432
50.4312
50.4304
50.4297
50.4289
50.4282
50.4274
50.4266
50.4259
50.4251
50.4244
50.4236
50.4228
50.4221
50.4213
50.4205
50.4198
50.419
50.4183
50.4175
50.4167
50.416
50.4152
50.4145
50.4137
50.4129
50.4122
50.4114
50.4106
50.4099
50.4091
50.4084
50.4076
50.4068
50.4061
50.4053
50.4046
50.4038
50.403
50.4023
50.4015
50.4008
50.4
50.3992
50.3985
50.3977
50.3969
50.3962
50.3954
50.3947
50.3939
50.3931
50.3924
50.3916
50.3909
50.3901
50.3893
50.3886
50.3878
50.3871
50.3863
50.3855
50.3848
50.384
50.3833
50.3825
50.3817
50.381
50.3802
50.3794
50.3787
50.3779
50.3772
50.3764
50.3756
50.3749
50.3741
50.3734
50.3726
50.3718
50.3711
50.3703
50.3696
50.3688
50.368
50.3673
50.3665
50.3658
50.365
50.3642
50.3635
50.3627
50.362
50.3612
50.3604
50.3597
50.3589
50.3582
50.3574
50.3566
50.3559
50.3551
50.3543
50.3536
50.3528
50.3521
50.3513
50.3505
50.3498
50.349
50.3483
50.3475
50.3467
50.346
50.3452
50.3445
50.3437
50.3429
50.3422
50.3414
50.3407
50.3399
50.3391
50.3384
50.3376
50.3369
50.3361
50.3353
50.3346
50.3338
50.3331
50.3323
50.3315
50.3308
50.33
50.3293
50.3285
50.3277
50.327
50.3262
50.3255
50.3247
50.3239
50.3232
50.3224
50.3217
50.3209
50.3201
50.3194
50.3186
50.3179
50.3171
50.3163
50.3156
50.3148
50.3141
50.3133
50.3125
50.3118
50.311
50.3103
50.3095
50.3088
50.308
50.3072
50.3065
50.3057
50.305
50.3042
50.3034
50.3027
50.3019
50.3012
50.3004
50.2996
50.2989
50.2981
50.2974
50.2966
50.2958
50.2951
50.2943
50.2936
50.2928
50.292
50.2913
50.2905
50.2898
50.289
50.2882
50.2875
50.2867
50.286
50.2852
50.2844
50.2837
50.2829
50.2822
50.2814
50.2806
50.2799
50.2791
50.2784
50.2776
50.2769
50.2761
50.2753
50.2746
50.2738
50.2731
50.2723
50.2715
50.2708
50.27
50.2693
50.2685
50.2677
50.267
50.2662
50.2655
50.2647
50.2639
50.2632
50.2624
50.2617
50.2609
50.2602
50.2594
50.2586
50.2579
50.2571
50.2564
50.2556
50.2548
50.2541
50.2533
50.2526
50.2518
50.251
50.2503
50.2495
50.2488
50.248
50.2473
50.2465
50.2457
50.245
50.2442
50.2435
50.2427
50.2419
50.2412
50.2404
50.2397
50.2389
50.2381
50.2374
50.2366
50.2359
50.2351
50.2344
50.2336
50.2328
50.2321
50.2313
50.2306
50.2298
50.229
50.2283
50.2275
50.2268
50.226
50.2253
50.2245
50.2237
50.223
50.2222
50.2215
50.2207
50.2199
50.2192
50.2184
50.2177
50.2169
50.2162
50.2154
50.2146
50.2139
50.2131
50.2124
50.2116
50.2108
50.2101
50.2093
50.2086
50.2078
50.2071
50.2063
50.2055
50.2048
50.204
50.2033
50.2025
50.2018
50.201
50.2002
50.1995
50.1987
50.198
50.1972
50.1964
50.1957
50.1949
50.1942
50.1934
50.1927
50.1919
50.1911
50.1904
50.1896
50.1889
50.1881
50.1873
50.1866
50.1858
50.1851
50.1843
50.1836
50.1828
50.182
50.1813
50.1805
50.1798
50.179
50.1783
50.1775
50.1767
50.176
50.1752
50.1745
50.1737
50.173
50.1722
50.1714
50.1707
50.1699
50.1692
50.1684
50.1676
50.1669
50.1661
50.1654
50.1646
50.1639
50.1631
50.1623
50.1616
50.1608
50.1601
50.1593
50.1586
50.1578
50.157
50.1563
50.1555
50.1548
50.154
50.1533
50.1525
50.1517
50.151
50.1502
50.1495
50.1487
50.148
50.1472
50.1464
50.1457
50.1449
50.1442
50.1434
50.1427
50.1419
50.1411
50.1404
50.1396
50.1389
50.1381
50.1374
50.1366
50.1358
50.1351
50.1343
50.1336
50.1328
50.1321
50.1313
50.1305
50.1298
50.129
50.1283
50.1275
50.1268
50.126
50.1252
50.1245
50.1237
50.123
50.1222
50.1215
50.1207
50.1199
50.1192
50.1184
50.1177
50.1169
50.1162
50.1154
50.1146
50.1139
50.1131
50.1124
50.1116
50.1109
50.1101
50.1094
50.1086
50.1078
50.1071
50.1063
50.1056
50.1048
50.1041
50.1033
50.1025
50.1018
50.101
50.1003
50.0995
50.0988
50.098
50.0972
50.0965
50.0957
50.095
50.0942
50.0935
50.0927
50.092
50.0912
50.0904
50.0897
50.0889
50.0882
50.0874
50.0867
50.0859
50.0851
50.0844
50.0836
50.0829
50.0821
50.0814
50.0806
50.0798
50.0791
50.0783
50.0776
50.0768
50.0761
50.0753
50.0746
50.0738
50.073
50.0723
50.0715
50.0708
50.07
50.0693
50.0685
50.0678
50.067
50.0662
50.0655
50.0647
50.064
50.0632
50.0625
50.0617
50.0609
50.0602
50.0594
50.0587
50.0579
50.0572
50.0564
50.0557
50.0549
50.0541
50.0534
50.0526
50.0519
50.0511
