0.168168
0.168158
0.168147
0.168137
0.168126
0.168115
0.168105
0.168094
0.168084
0.168073
0.168063
0.168052
0.168041
0.168031
0.16802
0.16801
0.167999
0.167989
0.167978
0.167967
0.167957
0.167946
0.167936
0.167925
0.167915
0.167904
0.167893
0.167883
0.167872
0.167862
0.167851
0.167841
0.16783
0.167819
0.167809
0.167798
0.167788
0.167777
0.167767
0.167756
0.167746
0.167735
0.167724
0.167714
0.167703
0.167693
0.167682
0.167672
0.167661
0.167651
0.16764
0.167629
0.167619
0.167608
0.167598
0.167587
0.167577
0.167566
0.167556
0.167545
0.167534
0.167524
0.167513
0.167503
0.167492
0.167482
0.167471
0.167461
0.16745
0.16744
0.167429
0.167419
0.167408
0.167397
0.167387
0.167376
0.167366
0.167355
0.167345
0.167334
0.167324
0.167313
0.167303
0.167292
0.167282
0.167271
0.167261
0.16725
0.167239
0.167229
0.167218
0.167208
0.167197
0.167187
0.167176
0.167166
0.167155
0.167145
0.167134
0.167124
0.167113
0.167103
0.167092
0.167082
0.167071
0.167061
0.16705
0.16704
0.167029
0.167019
0.167008
0.166998
0.166987
0.166976
0.166966
0.166955
0.166945
0.166934
0.166924
0.166913
0.166903
0.166892
0.166882
0.166871
0.166861
0.16685
0.16684
0.166829
0.166819
0.166808
0.166798
0.166787
0.166777
0.166766
0.166756
0.166745
0.166735
0.166724
0.166714
0.166703
0.166693
0.166682
0.166672
0.166661
0.166651
0.166641
0.16663
0.16662
0.166609
0.166599
0.166588
0.166578
0.166567
0.166557
0.166546
0.166536
0.166525
0.166515
0.166504
0.166494
0.166483
0.166473
0.166462
0.166452
0.166441
0.166431
0.16642
0.16641
0.166399
0.166389
0.166378
0.166368
0.166358
0.166347
0.166337
0.166326
0.166316
0.166305
0.166295
0.166284
0.166274
0.166263
0.166253
0.166242
0.166232
0.166221
0.166211
0.166201
0.16619
0.16618
0.166169
0.166159
0.166148
0.166138
0.166127
0.166117
0.166106
0.166096
0.166086
0.166075
0.166065
0.166054
0.166044
0.166033
0.166023
0.166012
0.166002
0.165991
0.165981
0.165971
0.16596
0.16595
0.165939
0.165929
0.165918
0.165908
0.165897
0.165887
0.165877
0.165866
0.165856
0.165845
0.165835
0.165824
0.165814
0.165803
0.165793
0.165783
0.165772
0.165762
0.165751
0.165741
0.16573
0.16572
0.16571
0.165699
0.165689
0.165678
0.165668
0.165657
0.165647
0.165637
0.165626
0.165616
0.165605
0.165595
0.165584
0.165574
0.165564
0.165553
0.165543
0.165532
0.165522
0.165512
0.165501
0.165491
0.16548
0.16547
0.165459
0.165449
0.165439
0.165428
0.165418
0.165407
0.165397
0.165387
0.165376
0.165366
0.165355
0.165345
0.165335
0.165324
0.165314
0.165303
0.165293
0.165282
0.165272
0.165262
0.165251
0.165241
0.16523
0.16522
0.16521
0.165199
0.165189
0.165178
0.165168
0.165158
0.165147
0.165137
0.165127
0.165116
0.165106
0.165095
0.165085
0.165075
0.165064
0.165054
0.165043
0.165033
0.165023
0.165012
0.165002
0.164991
0.164981
0.164971
0.16496
0.16495
0.16494
0.164929
0.164919
0.164908
0.164898
0.164888
0.164877
0.164867
0.164856
0.164846
0.164836
0.164825
0.164815
0.164805
0.164794
0.164784
0.164773
0.164763
0.164753
0.164742
0.164732
0.164722
0.164711
0.164701
0.164691
0.16468
0.16467
0.164659
0.164649
0.164639
0.164628
0.164618
0.164608
0.164597
0.164587
0.164577
0.164566
0.164556
0.164545
0.164535
0.164525
0.164514
0.164504
0.164494
0.164483
0.164473
0.164463
0.164452
0.164442
0.164432
0.164421
0.164411
0.164401
0.16439
0.16438
0.16437
