65.5659
65.564
65.562
65.56
65.558
65.5561
65.5541
65.5521
65.5501
65.5481
65.5462
65.5442
65.5422
65.5402
65.5383
65.5363
65.5343
65.5323
65.5304
65.5284
65.5264
65.5244
65.5225
65.5205
65.5185
65.5165
65.5145
65.5126
65.5106
65.5086
65.5066
65.5047
65.5027
65.5007
65.4987
65.4968
65.4948
65.4928
65.4908
65.4889
65.4869
65.4849
65.4829
65.481
65.479
65.477
65.475
65.4731
65.4711
65.4691
65.4671
65.4652
65.4632
65.4612
65.4592
65.4573
65.4553
65.4533
65.4513
65.4494
65.4474
65.4454
65.4435
65.4415
65.4395
65.4375
65.4356
65.4336
65.4316
65.4296
65.4277
65.4257
65.4237
65.4217
65.4198
65.4178
65.4158
65.4138
65.4119
65.4099
65.4079
65.406
65.404
65.402
65.4
65.3981
65.3961
65.3941
65.3922
65.3902
65.3882
65.3862
65.3843
65.3823
65.3803
65.3783
65.3764
65.3744
65.3724
65.3705
65.3685
65.3665
65.3645
65.3626
65.3606
65.3586
65.3567
65.3547
65.3527
65.3507
65.3488
65.3468
65.3448
65.3429
65.3409
65.3389
65.337
65.335
65.333
65.331
65.3291
65.3271
65.3251
65.3232
65.3212
65.3192
65.3172
65.3153
65.3133
65.3113
65.3094
65.3074
65.3054
65.3035
65.3015
65.2995
65.2976
65.2956
65.2936
65.2916
65.2897
65.2877
65.2857
65.2838
65.2818
65.2798
65.2779
65.2759
65.2739
65.272
65.27
65.268
65.266
65.2641
65.2621
65.2601
65.2582
65.2562
65.2542
65.2523
65.2503
65.2483
65.2464
65.2444
65.2424
65.2405
65.2385
65.2365
65.2346
65.2326
65.2306
65.2287
65.2267
65.2247
65.2228
65.2208
65.2188
65.2169
65.2149
65.2129
65.211
65.209
65.207
65.2051
65.2031
65.2011
65.1992
65.1972
65.1952
65.1933
65.1913
65.1893
65.1874
65.1854
65.1834
65.1815
65.1795
65.1775
65.1756
65.1736
65.1716
65.1697
65.1677
65.1657
65.1638
65.1618
65.1598
65.1579
65.1559
65.1539
65.152
65.15
65.148
65.1461
65.1441
65.1422
65.1402
65.1382
65.1363
65.1343
65.1323
65.1304
65.1284
65.1264
65.1245
65.1225
65.1205
65.1186
65.1166
65.1147
65.1127
65.1107
65.1088
65.1068
65.1048
65.1029
65.1009
65.0989
65.097
65.095
65.093
65.0911
65.0891
65.0872
65.0852
65.0832
65.0813
65.0793
65.0773
65.0754
65.0734
65.0715
65.0695
65.0675
65.0656
65.0636
65.0616
65.0597
65.0577
65.0558
65.0538
65.0518
65.0499
65.0479
65.046
65.044
65.042
65.0401
65.0381
65.0361
65.0342
65.0322
65.0303
65.0283
65.0263
65.0244
65.0224
65.0205
65.0185
65.0165
65.0146
65.0126
65.0106
65.0087
65.0067
65.0048
65.0028
65.0008
64.9989
64.9969
64.995
64.993
64.991
64.9891
64.9871
64.9852
64.9832
64.9812
64.9793
64.9773
64.9754
64.9734
64.9714
64.9695
64.9675
64.9656
64.9636
64.9616
64.9597
64.9577
64.9558
64.9538
64.9518
64.9499
64.9479
64.946
64.944
64.9421
64.9401
64.9381
64.9362
64.9342
64.9323
64.9303
64.9283
64.9264
64.9244
64.9225
64.9205
64.9186
64.9166
64.9146
64.9127
64.9107
64.9088
64.9068
64.9048
64.9029
64.9009
64.899
64.897
64.8951
64.8931
64.8912
64.8892
64.8872
64.8853
64.8833
64.8814
64.8794
64.8774
64.8755
64.8735
64.8716
64.8696
64.8677
64.8657
64.8638
64.8618
64.8598
64.8579
64.8559
64.854
64.852
64.8501
64.8481
64.8461
64.8442
64.8422
64.8403
64.8383
64.8364
64.8344
64.8325
64.8305
64.8286
64.8266
64.8246
64.8227
64.8207
64.8188
64.8168
64.8149
64.8129
64.811
64.809
64.807
64.8051
64.8031
64.8012
64.7992
64.7973
64.7953
64.7934
64.7914
64.7895
64.7875
64.7856
64.7836
64.7816
64.7797
64.7777
64.7758
64.7738
64.7719
64.7699
64.768
64.766
64.7641
64.7621
64.7602
64.7582
64.7562
64.7543
64.7523
64.7504
64.7484
64.7465
64.7445
64.7426
64.7406
64.7387
64.7367
64.7348
64.7328
64.7309
64.7289
64.727
64.725
64.7231
64.7211
64.7191
64.7172
64.7152
64.7133
64.7113
64.7094
64.7074
64.7055
64.7035
64.7016
64.6996
64.6977
64.6957
64.6938
64.6918
64.6899
64.6879
64.686
64.684
64.6821
64.6801
64.6782
64.6762
64.6743
64.6723
64.6704
64.6684
64.6665
64.6645
64.6626
64.6606
64.6587
64.6567
64.6548
64.6528
64.6509
64.6489
64.647
64.645
64.6431
64.6411
64.6392
64.6372
64.6353
64.6333
64.6314
64.6294
64.6275
64.6255
64.6236
64.6216
64.6197
64.6177
64.6158
64.6138
64.6119
64.6099
64.608
64.606
64.6041
64.6021
64.6002
64.5982
64.5963
64.5943
64.5924
64.5904
64.5885
64.5865
64.5846
64.5826
64.5807
64.5788
64.5768
64.5749
64.5729
64.571
64.569
64.5671
64.5651
64.5632
64.5612
64.5593
64.5573
64.5554
64.5534
64.5515
64.5495
64.5476
64.5456
64.5437
64.5418
64.5398
64.5379
64.5359
64.534
64.532
64.5301
64.5281
64.5262
64.5242
64.5223
64.5203
64.5184
64.5165
64.5145
64.5126
64.5106
64.5087
64.5067
64.5048
64.5028
64.5009
64.4989
64.497
64.4951
64.4931
64.4912
64.4892
64.4873
64.4853
64.4834
64.4814
64.4795
64.4775
64.4756
64.4737
64.4717
64.4698
64.4678
64.4659
64.4639
64.462
64.4601
64.4581
64.4562
64.4542
64.4523
64.4503
64.4484
64.4464
64.4445
64.4426
64.4406
64.4387
64.4367
64.4348
64.4328
64.4309
64.429
64.427
64.4251
64.4231
64.4212
64.4192
64.4173
64.4154
64.4134
64.4115
64.4095
64.4076
64.4056
64.4037
64.4017
64.3998
64.3979
64.3959
64.394
64.392
64.3901
64.3882
64.3862
64.3843
64.3823
64.3804
64.3784
64.3765
64.3746
64.3726
64.3707
64.3687
64.3668
64.3649
64.3629
64.361
64.359
64.3571
64.3551
64.3532
64.3513
64.3493
64.3474
64.3455
64.3435
64.3416
64.3396
64.3377
64.3357
64.3338
64.3319
64.3299
64.328
64.326
64.3241
64.3222
64.3202
64.3183
64.3163
64.3144
64.3125
64.3105
64.3086
64.3066
64.3047
64.3028
64.3008
64.2989
64.297
64.295
64.2931
64.2911
64.2892
64.2873
64.2853
64.2834
64.2814
64.2795
64.2776
64.2756
64.2737
64.2717
64.2698
64.2679
64.2659
64.264
64.2621
64.2601
64.2582
64.2562
64.2543
64.2524
64.2504
64.2485
64.2466
64.2446
64.2427
64.2407
64.2388
64.2369
64.2349
64.233
64.231
64.2291
64.2272
64.2252
64.2233
64.2214
64.2194
64.2175
64.2156
64.2136
64.2117
64.2097
64.2078
64.2059
64.2039
64.202
64.2001
64.1981
64.1962
64.1943
64.1923
64.1904
64.1884
64.1865
64.1846
64.1826
64.1807
64.1788
64.1768
64.1749
64.173
64.171
64.1691
64.1671
64.1652
64.1633
64.1613
64.1594
64.1575
64.1555
64.1536
64.1517
64.1497
64.1478
64.1459
64.1439
64.142
64.1401
64.1381
64.1362
64.1343
64.1323
64.1304
64.1285
64.1265
64.1246
64.1227
64.1207
64.1188
64.1169
64.1149
64.113
64.111
64.1091
64.1072
64.1052
64.1033
64.1014
64.0994
64.0975
64.0956
64.0937
64.0917
64.0898
64.0879
64.0859
64.084
64.0821
64.0801
64.0782
64.0763
64.0743
64.0724
64.0704
64.0685
64.0666
64.0647
64.0627
64.0608
64.0589
64.0569
64.055
64.0531
64.0511
64.0492
64.0473
64.0453
64.0434
64.0415
64.0395
64.0376
64.0357
64.0338
64.0318
64.0299
64.028
64.026
64.0241
64.0222
64.0202
64.0183
64.0164
64.0144
64.0125
64.0106
64.0086
64.0067
64.0048
64.0029
64.0009
63.999
63.9971
63.9951
63.9932
63.9913
63.9893
63.9874
63.9855
63.9836
63.9816
63.9797
63.9778
63.9758
63.9739
63.972
63.9701
63.9681
63.9662
63.9643
63.9623
63.9604
63.9585
63.9565
63.9546
63.9527
63.9508
63.9488
63.9469
63.945
63.943
63.9411
63.9392
63.9373
63.9353
63.9334
63.9315
63.9295
63.9276
63.9257
63.9238
63.9218
63.9199
63.918
63.916
63.9141
63.9122
63.9103
63.9083
63.9064
63.9045
63.9026
63.9006
63.8987
63.8968
63.8948
63.8929
63.891
63.8891
63.8871
63.8852
63.8833
63.8814
63.8794
63.8775
63.8756
63.8736
63.8717
63.8698
63.8679
63.8659
63.864
63.8621
63.8602
63.8582
63.8563
63.8544
63.8525
63.8505
63.8486
63.8467
63.8448
63.8428
63.8409
63.839
63.8371
63.8351
63.8332
63.8313
63.8294
63.8274
63.8255
63.8236
63.8217
63.8197
63.8178
63.8159
63.814
63.812
63.8101
63.8082
63.8063
63.8043
63.8024
63.8005
63.7986
63.7966
63.7947
63.7928
63.7909
63.7889
63.787
63.7851
63.7832
63.7812
63.7793
63.7774
63.7755
63.7736
63.7716
63.7697
63.7678
63.7659
63.7639
63.762
63.7601
63.7582
63.7562
63.7543
63.7524
63.7505
63.7486
63.7466
63.7447
63.7428
63.7409
63.7389
63.737
63.7351
63.7332
63.7313
63.7293
63.7274
63.7255
63.7236
63.7216
63.7197
63.7178
63.7159
63.714
63.712
63.7101
63.7082
63.7063
63.7043
63.7024
63.7005
63.6986
63.6967
63.6947
63.6928
63.6909
63.689
63.6871
63.6851
63.6832
63.6813
63.6794
63.6774
63.6755
63.6736
63.6717
63.6698
63.6679
63.6659
63.664
63.6621
63.6602
63.6582
63.6563
63.6544
63.6525
63.6506
63.6487
63.6467
63.6448
63.6429
63.641
63.6391
63.6371
63.6352
63.6333
63.6314
63.6295
63.6275
63.6256
63.6237
63.6218
63.6199
63.6179
63.616
63.6141
63.6122
63.6103
63.6084
63.6064
63.6045
63.6026
63.6007
63.5988
63.5968
63.5949
63.593
63.5911
63.5892
63.5872
63.5853
63.5834
63.5815
63.5796
63.5777
63.5757
63.5738
63.5719
63.57
63.5681
63.5662
63.5642
63.5623
63.5604
63.5585
63.5566
63.5547
63.5527
63.5508
63.5489
63.547
63.5451
63.5432
63.5412
63.5393
63.5374
63.5355
63.5336
63.5317
63.5297
63.5278
63.5259
63.524
63.5221
63.5202
63.5182
63.5163
63.5144
63.5125
63.5106
63.5087
63.5068
63.5048
63.5029
63.501
63.4991
63.4972
63.4953
63.4933
63.4914
63.4895
63.4876
63.4857
63.4838
63.4819
63.4799
63.478
63.4761
63.4742
63.4723
63.4704
63.4685
63.4665
63.4646
63.4627
63.4608
63.4589
63.457
63.4551
63.4531
63.4512
63.4493
63.4474
63.4455
63.4436
63.4417
63.4397
63.4378
63.4359
63.434
63.4321
63.4302
63.4283
63.4264
63.4244
63.4225
63.4206
63.4187
63.4168
63.4149
63.413
63.411
63.4091
63.4072
63.4053
63.4034
63.4015
63.3996
63.3977
63.3958
63.3938
63.3919
63.39
63.3881
63.3862
63.3843
63.3824
63.3805
63.3785
63.3766
63.3747
63.3728
63.3709
63.369
63.3671
63.3652
63.3633
63.3613
63.3594
63.3575
63.3556
63.3537
63.3518
63.3499
63.348
63.3461
63.3442
63.3422
63.3403
63.3384
63.3365
63.3346
63.3327
63.3308
63.3289
63.327
63.325
63.3231
63.3212
63.3193
63.3174
63.3155
63.3136
63.3117
63.3098
63.3079
63.306
63.304
63.3021
63.3002
63.2983
63.2964
63.2945
63.2926
63.2907
63.2888
63.2869
63.285
63.283
63.2811
63.2792
63.2773
63.2754
63.2735
63.2716
63.2697
63.2678
63.2659
63.264
63.262
63.2601
63.2582
63.2563
63.2544
63.2525
63.2506
63.2487
63.2468
63.2449
63.243
63.2411
63.2392
63.2373
63.2353
63.2334
63.2315
63.2296
63.2277
63.2258
63.2239
63.222
63.2201
63.2182
63.2163
63.2144
63.2125
63.2106
63.2086
63.2067
63.2048
63.2029
63.201
63.1991
63.1972
63.1953
63.1934
63.1915
63.1896
63.1877
63.1858
63.1839
63.182
63.1801
63.1782
63.1762
63.1743
63.1724
63.1705
63.1686
63.1667
63.1648
63.1629
63.161
63.1591
63.1572
63.1553
63.1534
63.1515
63.1496
63.1477
63.1458
63.1439
63.142
63.1401
63.1381
63.1362
63.1343
63.1324
63.1305
63.1286
63.1267
63.1248
63.1229
63.121
63.1191
63.1172
63.1153
63.1134
63.1115
63.1096
63.1077
63.1058
63.1039
63.102
63.1001
63.0982
63.0963
63.0944
63.0925
63.0906
63.0887
63.0868
63.0849
63.0829
63.081
63.0791
63.0772
63.0753
63.0734
63.0715
63.0696
63.0677
63.0658
63.0639
63.062
63.0601
63.0582
63.0563
63.0544
63.0525
63.0506
63.0487
63.0468
63.0449
63.043
63.0411
63.0392
63.0373
63.0354
63.0335
63.0316
63.0297
63.0278
63.0259
63.024
63.0221
63.0202
63.0183
63.0164
63.0145
63.0126
63.0107
63.0088
63.0069
63.005
63.0031
63.0012
62.9993
62.9974
62.9955
62.9936
62.9917
62.9898
62.9879
62.986
62.9841
62.9822
62.9803
62.9784
62.9765
62.9746
62.9727
62.9708
62.9689
62.967
62.9651
62.9632
62.9613
62.9594
62.9575
62.9556
62.9537
62.9518
62.9499
62.948
62.9461
62.9442
62.9423
62.9404
62.9385
62.9366
62.9347
62.9328
62.9309
62.929
62.9271
62.9252
62.9233
62.9214
62.9195
62.9176
62.9157
62.9138
62.9119
62.91
62.9081
62.9062
62.9044
62.9025
62.9006
62.8987
62.8968
62.8949
62.893
62.8911
62.8892
62.8873
62.8854
62.8835
62.8816
62.8797
62.8778
62.8759
62.874
62.8721
62.8702
62.8683
62.8664
62.8645
62.8626
62.8607
62.8588
62.8569
62.855
62.8531
62.8513
62.8494
62.8475
62.8456
62.8437
62.8418
62.8399
62.838
62.8361
62.8342
62.8323
62.8304
62.8285
62.8266
62.8247
62.8228
62.8209
62.819
62.8171
62.8152
62.8134
62.8115
62.8096
62.8077
62.8058
62.8039
62.802
62.8001
62.7982
62.7963
62.7944
62.7925
62.7906
62.7887
62.7868
62.7849
62.783
62.7812
62.7793
62.7774
62.7755
62.7736
62.7717
62.7698
62.7679
62.766
62.7641
62.7622
62.7603
62.7584
62.7565
62.7547
62.7528
62.7509
62.749
62.7471
62.7452
62.7433
62.7414
62.7395
62.7376
62.7357
62.7338
62.7319
62.73
62.7282
62.7263
62.7244
62.7225
62.7206
62.7187
62.7168
62.7149
62.713
62.7111
62.7092
62.7074
62.7055
62.7036
62.7017
62.6998
62.6979
62.696
62.6941
62.6922
62.6903
62.6884
62.6865
62.6847
62.6828
62.6809
62.679
62.6771
62.6752
62.6733
62.6714
62.6695
62.6676
62.6658
62.6639
62.662
62.6601
62.6582
62.6563
62.6544
62.6525
62.6506
62.6487
62.6469
62.645
62.6431
62.6412
62.6393
62.6374
62.6355
62.6336
62.6317
62.6299
62.628
62.6261
62.6242
62.6223
62.6204
62.6185
62.6166
62.6147
62.6129
62.611
62.6091
62.6072
62.6053
62.6034
62.6015
62.5996
62.5978
62.5959
62.594
62.5921
62.5902
62.5883
62.5864
62.5845
62.5826
62.5808
62.5789
62.577
62.5751
62.5732
62.5713
62.5694
62.5676
62.5657
62.5638
62.5619
62.56
62.5581
62.5562
62.5543
62.5525
62.5506
62.5487
62.5468
62.5449
62.543
62.5411
62.5392
62.5374
62.5355
62.5336
62.5317
62.5298
62.5279
62.526
62.5242
62.5223
62.5204
62.5185
62.5166
62.5147
62.5128
62.511
62.5091
62.5072
62.5053
62.5034
62.5015
62.4997
62.4978
62.4959
62.494
62.4921
62.4902
62.4883
62.4865
62.4846
62.4827
62.4808
62.4789
62.477
62.4751
62.4733
62.4714
62.4695
62.4676
62.4657
62.4638
62.462
62.4601
62.4582
62.4563
62.4544
62.4525
62.4507
62.4488
62.4469
62.445
62.4431
62.4412
62.4394
62.4375
62.4356
62.4337
62.4318
62.4299
62.4281
62.4262
62.4243
62.4224
62.4205
62.4186
62.4168
62.4149
62.413
62.4111
62.4092
62.4074
62.4055
62.4036
62.4017
62.3998
62.3979
62.3961
62.3942
62.3923
62.3904
62.3885
62.3867
62.3848
62.3829
62.381
62.3791
62.3772
62.3754
62.3735
62.3716
62.3697
62.3678
62.366
62.3641
62.3622
62.3603
62.3584
62.3566
62.3547
62.3528
62.3509
62.349
62.3471
62.3453
62.3434
62.3415
62.3396
62.3377
62.3359
62.334
62.3321
62.3302
62.3283
62.3265
62.3246
62.3227
62.3208
62.3189
62.3171
62.3152
62.3133
62.3114
62.3096
62.3077
62.3058
62.3039
62.302
62.3002
62.2983
62.2964
62.2945
62.2926
62.2908
62.2889
62.287
62.2851
62.2832
62.2814
62.2795
62.2776
62.2757
62.2739
62.272
62.2701
62.2682
62.2663
62.2645
62.2626
62.2607
62.2588
62.257
62.2551
62.2532
62.2513
62.2494
62.2476
62.2457
62.2438
62.2419
62.2401
62.2382
62.2363
62.2344
62.2325
62.2307
62.2288
62.2269
62.225
62.2232
62.2213
62.2194
62.2175
62.2157
62.2138
62.2119
62.21
62.2082
62.2063
62.2044
62.2025
62.2006
62.1988
62.1969
62.195
62.1931
62.1913
62.1894
62.1875
62.1856
62.1838
62.1819
62.18
62.1781
62.1763
62.1744
62.1725
62.1706
62.1688
62.1669
62.165
62.1631
62.1613
62.1594
62.1575
62.1556
62.1538
62.1519
62.15
62.1481
62.1463
62.1444
62.1425
62.1406
62.1388
62.1369
62.135
62.1331
62.1313
62.1294
62.1275
62.1256
62.1238
62.1219
62.12
62.1182
62.1163
62.1144
62.1125
62.1107
62.1088
62.1069
62.105
62.1032
62.1013
62.0994
62.0975
62.0957
62.0938
62.0919
62.0901
62.0882
62.0863
62.0844
62.0826
62.0807
62.0788
62.077
62.0751
62.0732
62.0713
62.0695
62.0676
62.0657
62.0638
62.062
62.0601
62.0582
62.0564
62.0545
62.0526
62.0507
62.0489
62.047
62.0451
62.0433
62.0414
62.0395
62.0376
62.0358
62.0339
62.032
62.0302
62.0283
62.0264
62.0245
62.0227
62.0208
62.0189
62.0171
62.0152
62.0133
62.0115
62.0096
62.0077
62.0058
62.004
62.0021
62.0002
61.9984
61.9965
61.9946
61.9928
61.9909
61.989
61.9871
61.9853
61.9834
61.9815
61.9797
61.9778
61.9759
61.9741
61.9722
61.9703
61.9684
61.9666
61.9647
61.9628
61.961
61.9591
61.9572
61.9554
61.9535
61.9516
61.9498
61.9479
61.946
61.9442
61.9423
61.9404
61.9386
61.9367
61.9348
61.933
61.9311
61.9292
61.9273
61.9255
61.9236
61.9217
61.9199
61.918
61.9161
61.9143
61.9124
61.9105
61.9087
61.9068
61.9049
61.9031
61.9012
61.8993
61.8975
61.8956
61.8937
61.8919
61.89
61.8881
61.8863
61.8844
61.8825
61.8807
61.8788
61.8769
61.8751
61.8732
61.8713
61.8695
61.8676
61.8657
61.8639
61.862
61.8601
61.8583
61.8564
61.8545
61.8527
61.8508
61.849
61.8471
61.8452
61.8434
61.8415
61.8396
61.8378
61.8359
61.834
61.8322
61.8303
61.8284
61.8266
61.8247
61.8228
61.821
61.8191
61.8172
61.8154
61.8135
61.8117
61.8098
61.8079
61.8061
61.8042
61.8023
61.8005
61.7986
61.7967
61.7949
61.793
61.7911
61.7893
61.7874
61.7856
61.7837
61.7818
61.78
61.7781
61.7762
61.7744
61.7725
61.7706
61.7688
61.7669
61.7651
61.7632
61.7613
61.7595
61.7576
61.7557
61.7539
61.752
61.7502
61.7483
61.7464
61.7446
61.7427
61.7409
61.739
61.7371
61.7353
61.7334
61.7315
61.7297
61.7278
61.726
61.7241
61.7222
61.7204
61.7185
61.7166
61.7148
61.7129
61.7111
61.7092
61.7073
61.7055
61.7036
61.7018
61.6999
61.698
61.6962
61.6943
61.6925
61.6906
61.6887
61.6869
61.685
61.6832
61.6813
61.6794
61.6776
61.6757
61.6739
61.672
61.6701
61.6683
61.6664
61.6645
61.6627
61.6608
61.659
61.6571
61.6553
61.6534
61.6515
61.6497
61.6478
61.646
61.6441
61.6422
61.6404
61.6385
61.6367
61.6348
61.6329
61.6311
61.6292
61.6274
61.6255
61.6236
61.6218
61.6199
61.6181
61.6162
61.6144
61.6125
61.6106
61.6088
61.6069
61.6051
61.6032
61.6013
61.5995
61.5976
61.5958
61.5939
61.5921
61.5902
61.5883
61.5865
61.5846
61.5828
61.5809
61.5791
61.5772
61.5753
61.5735
61.5716
61.5698
61.5679
61.5661
61.5642
61.5623
61.5605
61.5586
61.5568
61.5549
61.5531
61.5512
61.5493
61.5475
61.5456
61.5438
61.5419
61.5401
61.5382
61.5364
61.5345
61.5326
61.5308
61.5289
61.5271
61.5252
61.5234
61.5215
61.5197
61.5178
61.5159
61.5141
61.5122
61.5104
61.5085
61.5067
61.5048
61.503
61.5011
61.4992
61.4974
61.4955
61.4937
61.4918
61.49
61.4881
61.4863
61.4844
61.4826
61.4807
61.4788
61.477
61.4751
61.4733
61.4714
61.4696
61.4677
61.4659
61.464
61.4622
61.4603
61.4585
61.4566
61.4547
61.4529
61.451
61.4492
61.4473
61.4455
61.4436
61.4418
61.4399
61.4381
61.4362
61.4344
61.4325
61.4307
61.4288
61.4269
61.4251
61.4232
61.4214
61.4195
61.4177
61.4158
61.414
61.4121
61.4103
61.4084
61.4066
61.4047
61.4029
61.401
61.3992
61.3973
61.3955
61.3936
61.3918
61.3899
61.3881
61.3862
61.3843
61.3825
61.3806
61.3788
61.3769
61.3751
61.3732
61.3714
61.3695
61.3677
61.3658
61.364
61.3621
61.3603
61.3584
61.3566
61.3547
61.3529
61.351
61.3492
61.3473
61.3455
61.3436
61.3418
61.3399
61.3381
61.3362
61.3344
61.3325
61.3307
61.3288
61.327
61.3251
61.3233
61.3214
61.3196
61.3177
61.3159
61.314
61.3122
61.3103
61.3085
61.3066
61.3048
61.3029
61.3011
61.2992
61.2974
61.2955
61.2937
61.2918
61.29
61.2882
61.2863
61.2845
61.2826
61.2808
61.2789
61.2771
61.2752
61.2734
61.2715
61.2697
61.2678
61.266
61.2641
61.2623
61.2604
61.2586
61.2567
61.2549
61.253
61.2512
61.2493
61.2475
61.2457
61.2438
61.242
61.2401
61.2383
61.2364
61.2346
61.2327
61.2309
61.229
61.2272
61.2253
61.2235
61.2216
61.2198
61.2179
61.2161
61.2143
61.2124
61.2106
61.2087
61.2069
61.205
61.2032
61.2013
61.1995
61.1976
61.1958
61.194
61.1921
61.1903
61.1884
61.1866
61.1847
61.1829
61.181
61.1792
61.1773
61.1755
61.1737
61.1718
61.17
61.1681
61.1663
61.1644
61.1626
61.1607
61.1589
61.157
61.1552
61.1534
61.1515
61.1497
61.1478
61.146
61.1441
61.1423
61.1405
61.1386
61.1368
61.1349
61.1331
61.1312
61.1294
61.1275
61.1257
61.1239
61.122
61.1202
61.1183
61.1165
61.1146
61.1128
61.111
61.1091
61.1073
61.1054
61.1036
61.1017
61.0999
61.098
61.0962
61.0944
61.0925
61.0907
61.0888
61.087
61.0852
61.0833
61.0815
61.0796
61.0778
61.0759
61.0741
61.0723
61.0704
61.0686
61.0667
61.0649
61.063
61.0612
61.0594
61.0575
61.0557
61.0538
61.052
61.0502
61.0483
61.0465
61.0446
61.0428
61.041
61.0391
61.0373
61.0354
61.0336
61.0317
61.0299
61.0281
61.0262
61.0244
61.0225
61.0207
61.0189
61.017
61.0152
61.0133
61.0115
61.0097
61.0078
61.006
61.0041
61.0023
61.0005
60.9986
60.9968
60.9949
60.9931
60.9913
60.9894
60.9876
60.9857
60.9839
60.9821
60.9802
60.9784
60.9765
60.9747
60.9729
60.971
60.9692
60.9674
60.9655
60.9637
60.9618
60.96
60.9582
60.9563
60.9545
60.9526
60.9508
60.949
60.9471
60.9453
60.9435
60.9416
60.9398
60.9379
60.9361
60.9343
60.9324
60.9306
60.9288
60.9269
60.9251
60.9232
60.9214
60.9196
60.9177
60.9159
60.9141
60.9122
60.9104
60.9085
60.9067
60.9049
60.903
60.9012
60.8994
60.8975
60.8957
60.8938
60.892
60.8902
60.8883
60.8865
60.8847
60.8828
60.881
60.8792
60.8773
60.8755
60.8736
60.8718
60.87
60.8681
60.8663
60.8645
60.8626
60.8608
60.859
60.8571
60.8553
60.8535
60.8516
60.8498
60.8479
60.8461
60.8443
60.8424
60.8406
60.8388
60.8369
60.8351
60.8333
60.8314
60.8296
60.8278
60.8259
60.8241
60.8223
60.8204
60.8186
60.8168
60.8149
60.8131
60.8113
60.8094
60.8076
60.8057
60.8039
60.8021
60.8003
60.7984
60.7966
60.7948
60.7929
60.7911
60.7892
60.7874
60.7856
60.7838
60.7819
60.7801
60.7782
60.7764
60.7746
60.7728
60.7709
60.7691
60.7673
60.7654
60.7636
60.7618
60.7599
60.7581
60.7563
60.7544
60.7526
60.7508
60.7489
60.7471
60.7453
60.7434
60.7416
60.7398
60.7379
60.7361
60.7343
60.7324
60.7306
60.7288
60.7269
60.7251
60.7233
60.7214
60.7196
60.7178
60.716
60.7141
60.7123
60.7105
60.7086
60.7068
60.705
60.7031
60.7013
60.6995
60.6976
60.6958
60.694
60.6922
60.6903
60.6885
60.6867
60.6848
60.683
60.6812
60.6793
60.6775
60.6757
60.6739
60.672
60.6702
60.6684
60.6665
60.6647
60.6629
60.661
60.6592
60.6574
60.6556
60.6537
60.6519
60.6501
60.6482
60.6464
60.6446
60.6427
60.6409
60.6391
60.6373
60.6354
60.6336
60.6318
60.6299
60.6281
60.6263
60.6245
60.6226
60.6208
60.619
60.6171
60.6153
60.6135
60.6117
60.6098
60.608
60.6062
60.6044
60.6025
60.6007
60.5989
60.597
60.5952
60.5934
60.5916
60.5897
60.5879
60.5861
60.5842
60.5824
60.5806
60.5788
60.5769
60.5751
60.5733
60.5715
60.5696
60.5678
60.566
60.5642
60.5623
60.5605
60.5587
60.5568
60.555
60.5532
60.5514
60.5495
60.5477
60.5459
60.5441
60.5422
60.5404
60.5386
60.5368
60.5349
60.5331
60.5313
60.5295
60.5276
60.5258
60.524
60.5222
60.5203
60.5185
60.5167
60.5149
60.513
60.5112
60.5094
60.5076
60.5057
60.5039
60.5021
60.5003
60.4984
60.4966
60.4948
60.493
60.4911
60.4893
60.4875
60.4857
60.4838
60.482
60.4802
60.4784
60.4765
60.4747
60.4729
60.4711
60.4692
60.4674
60.4656
60.4638
60.4619
60.4601
60.4583
60.4565
60.4547
60.4528
60.451
60.4492
60.4474
60.4455
60.4437
60.4419
60.4401
60.4382
60.4364
60.4346
60.4328
60.431
60.4291
60.4273
60.4255
60.4237
60.4218
60.42
60.4182
60.4164
60.4146
60.4127
60.4109
60.4091
60.4073
60.4054
60.4036
60.4018
60.4
60.3982
60.3963
60.3945
60.3927
60.3909
60.389
60.3872
60.3854
60.3836
60.3818
60.3799
60.3781
60.3763
60.3745
60.3727
60.3708
60.369
60.3672
60.3654
60.3636
60.3617
60.3599
60.3581
60.3563
60.3545
60.3526
60.3508
60.349
60.3472
60.3453
60.3435
60.3417
60.3399
60.3381
60.3363
60.3344
60.3326
60.3308
60.329
60.3271
60.3253
60.3235
60.3217
60.3199
60.3181
60.3162
60.3144
60.3126
60.3108
60.309
60.3071
60.3053
60.3035
60.3017
60.2999
60.298
60.2962
60.2944
60.2926
60.2908
60.289
60.2871
60.2853
60.2835
60.2817
60.2799
60.278
60.2762
60.2744
60.2726
60.2708
60.269
60.2671
60.2653
60.2635
60.2617
60.2599
60.258
60.2562
60.2544
60.2526
60.2508
60.249
60.2471
60.2453
60.2435
60.2417
60.2399
60.2381
60.2362
60.2344
60.2326
60.2308
60.229
60.2272
60.2253
60.2235
60.2217
60.2199
60.2181
60.2163
60.2144
60.2126
60.2108
60.209
60.2072
60.2054
60.2035
60.2017
60.1999
60.1981
60.1963
60.1945
60.1927
60.1908
60.189
60.1872
60.1854
60.1836
60.1818
60.1799
60.1781
60.1763
60.1745
60.1727
60.1709
60.1691
60.1672
60.1654
60.1636
60.1618
60.16
60.1582
60.1564
60.1545
60.1527
60.1509
60.1491
60.1473
60.1455
60.1437
60.1418
60.14
60.1382
60.1364
60.1346
60.1328
60.131
60.1291
60.1273
60.1255
60.1237
60.1219
60.1201
60.1183
60.1165
60.1146
60.1128
60.111
60.1092
60.1074
60.1056
60.1038
60.102
60.1001
60.0983
60.0965
60.0947
60.0929
60.0911
60.0893
60.0874
60.0856
60.0838
60.082
60.0802
60.0784
60.0766
60.0748
60.073
60.0711
60.0693
60.0675
60.0657
60.0639
60.0621
60.0603
60.0585
60.0566
60.0548
60.053
60.0512
60.0494
60.0476
60.0458
60.044
60.0422
60.0403
60.0385
60.0367
60.0349
60.0331
60.0313
60.0295
60.0277
60.0259
60.0241
60.0222
60.0204
60.0186
60.0168
60.015
60.0132
60.0114
60.0096
60.0078
60.006
60.0041
60.0023
60.0005
59.9987
59.9969
59.9951
59.9933
59.9915
59.9897
59.9879
59.986
59.9842
59.9824
59.9806
59.9788
59.977
59.9752
59.9734
59.9716
59.9698
59.968
59.9662
59.9643
59.9625
59.9607
59.9589
59.9571
59.9553
59.9535
59.9517
59.9499
59.9481
59.9463
59.9445
59.9426
59.9408
59.939
59.9372
59.9354
59.9336
59.9318
59.93
59.9282
59.9264
59.9246
59.9228
59.9209
59.9191
59.9173
59.9155
59.9137
59.9119
59.9101
59.9083
59.9065
59.9047
59.9029
59.9011
59.8993
59.8975
59.8957
59.8938
59.892
59.8902
59.8884
59.8866
59.8848
59.883
59.8812
59.8794
59.8776
59.8758
59.874
59.8722
59.8704
59.8686
59.8668
59.865
59.8631
59.8613
59.8595
59.8577
59.8559
59.8541
59.8523
59.8505
59.8487
59.8469
59.8451
59.8433
59.8415
59.8397
59.8379
59.8361
59.8343
59.8325
59.8307
59.8288
59.827
59.8252
59.8234
59.8216
59.8198
59.818
59.8162
59.8144
59.8126
59.8108
59.809
59.8072
59.8054
59.8036
59.8018
59.8
59.7982
59.7964
59.7946
59.7928
59.791
59.7892
59.7874
59.7856
59.7838
59.782
59.7802
59.7783
59.7765
59.7747
59.7729
59.7711
59.7693
59.7675
59.7657
59.7639
59.7621
59.7603
59.7585
59.7567
59.7549
59.7531
59.7513
59.7495
59.7477
59.7459
59.7441
59.7423
59.7405
59.7387
59.7369
59.7351
59.7333
59.7315
59.7297
59.7279
59.7261
59.7243
59.7225
59.7207
59.7189
59.7171
59.7153
59.7135
59.7117
59.7099
59.7081
59.7063
59.7045
59.7027
59.7009
59.6991
59.6973
59.6955
59.6937
59.6919
59.6901
59.6883
59.6865
59.6847
59.6829
59.6811
59.6793
59.6775
59.6757
59.6739
59.6721
59.6703
59.6685
59.6667
59.6649
59.6631
59.6613
59.6595
59.6577
59.6559
59.6541
59.6523
59.6505
59.6487
59.6469
59.6451
59.6433
59.6415
59.6397
59.6379
59.6361
59.6343
59.6325
59.6307
59.6289
59.6271
59.6253
59.6235
59.6217
59.6199
59.6181
59.6163
59.6145
59.6127
59.6109
59.6091
59.6073
59.6055
59.6037
59.6019
59.6001
59.5983
59.5965
59.5947
59.5929
59.5911
59.5893
59.5875
59.5857
59.5839
59.5821
59.5804
59.5786
59.5768
59.575
59.5732
59.5714
59.5696
59.5678
59.566
59.5642
59.5624
59.5606
59.5588
59.557
59.5552
59.5534
59.5516
59.5498
59.548
59.5462
59.5444
59.5426
59.5408
59.539
59.5372
59.5354
59.5336
59.5318
59.5301
59.5283
59.5265
59.5247
59.5229
59.5211
59.5193
59.5175
59.5157
59.5139
59.5121
59.5103
59.5085
59.5067
59.5049
59.5031
59.5013
59.4995
59.4977
59.4959
59.4942
59.4924
59.4906
59.4888
59.487
59.4852
59.4834
59.4816
59.4798
59.478
59.4762
59.4744
59.4726
59.4708
59.469
59.4672
59.4655
59.4637
59.4619
59.4601
59.4583
59.4565
59.4547
59.4529
59.4511
59.4493
59.4475
59.4457
59.4439
59.4421
59.4403
59.4386
59.4368
59.435
59.4332
59.4314
59.4296
59.4278
59.426
59.4242
59.4224
59.4206
59.4188
59.417
59.4153
59.4135
59.4117
59.4099
59.4081
59.4063
59.4045
59.4027
59.4009
59.3991
59.3973
59.3955
59.3938
59.392
59.3902
59.3884
59.3866
59.3848
59.383
59.3812
59.3794
59.3776
59.3758
59.3741
59.3723
59.3705
59.3687
59.3669
59.3651
59.3633
59.3615
59.3597
59.3579
59.3561
59.3544
59.3526
59.3508
59.349
59.3472
59.3454
59.3436
59.3418
59.34
59.3382
59.3365
59.3347
59.3329
59.3311
59.3293
59.3275
59.3257
59.3239
59.3221
59.3204
59.3186
59.3168
59.315
59.3132
59.3114
59.3096
59.3078
59.306
59.3043
59.3025
59.3007
59.2989
59.2971
59.2953
59.2935
59.2917
59.2899
59.2882
59.2864
59.2846
59.2828
59.281
59.2792
59.2774
59.2756
59.2739
59.2721
59.2703
59.2685
59.2667
59.2649
59.2631
59.2613
59.2596
59.2578
59.256
59.2542
59.2524
59.2506
59.2488
59.247
59.2453
59.2435
59.2417
59.2399
59.2381
59.2363
59.2345
59.2327
59.231
59.2292
59.2274
59.2256
59.2238
59.222
59.2202
59.2185
59.2167
59.2149
59.2131
59.2113
59.2095
59.2077
59.206
59.2042
59.2024
59.2006
59.1988
59.197
59.1952
59.1935
59.1917
59.1899
59.1881
59.1863
59.1845
59.1827
59.181
59.1792
59.1774
59.1756
59.1738
59.172
59.1703
59.1685
59.1667
59.1649
59.1631
59.1613
59.1595
59.1578
59.156
59.1542
59.1524
59.1506
59.1488
59.1471
59.1453
59.1435
59.1417
59.1399
59.1381
59.1364
59.1346
59.1328
59.131
59.1292
59.1274
59.1257
59.1239
59.1221
59.1203
59.1185
59.1167
59.115
59.1132
59.1114
59.1096
59.1078
59.106
59.1043
59.1025
59.1007
59.0989
59.0971
59.0953
59.0936
59.0918
59.09
59.0882
59.0864
59.0847
59.0829
59.0811
59.0793
59.0775
59.0757
59.074
59.0722
59.0704
59.0686
59.0668
59.0651
59.0633
59.0615
59.0597
59.0579
59.0562
59.0544
59.0526
59.0508
59.049
59.0472
59.0455
59.0437
59.0419
59.0401
59.0383
59.0366
59.0348
59.033
59.0312
59.0294
59.0277
59.0259
59.0241
59.0223
59.0205
59.0188
59.017
59.0152
59.0134
59.0116
59.0099
59.0081
59.0063
59.0045
59.0027
59.001
58.9992
58.9974
58.9956
58.9938
58.9921
58.9903
58.9885
58.9867
58.9849
58.9832
58.9814
58.9796
58.9778
58.976
58.9743
58.9725
58.9707
58.9689
58.9672
58.9654
58.9636
58.9618
58.96
58.9583
58.9565
58.9547
58.9529
58.9512
58.9494
58.9476
58.9458
58.944
58.9423
58.9405
58.9387
58.9369
58.9352
58.9334
58.9316
58.9298
58.928
58.9263
58.9245
58.9227
58.9209
58.9192
58.9174
58.9156
58.9138
58.9121
58.9103
58.9085
58.9067
58.9049
58.9032
58.9014
58.8996
58.8978
58.8961
58.8943
58.8925
58.8907
58.889
58.8872
58.8854
58.8836
58.8819
58.8801
58.8783
58.8765
58.8747
58.873
58.8712
58.8694
58.8676
58.8659
58.8641
58.8623
58.8605
58.8588
58.857
58.8552
58.8534
58.8517
58.8499
58.8481
58.8463
58.8446
58.8428
58.841
58.8392
58.8375
58.8357
58.8339
58.8321
58.8304
58.8286
58.8268
58.8251
58.8233
58.8215
58.8197
58.818
58.8162
58.8144
58.8126
58.8109
58.8091
58.8073
58.8055
58.8038
58.802
58.8002
58.7984
58.7967
58.7949
58.7931
58.7914
58.7896
58.7878
58.786
58.7843
58.7825
58.7807
58.7789
58.7772
58.7754
58.7736
58.7718
58.7701
58.7683
58.7665
58.7648
58.763
58.7612
58.7594
58.7577
58.7559
58.7541
58.7523
58.7506
58.7488
58.747
58.7453
58.7435
58.7417
58.7399
58.7382
58.7364
58.7346
58.7329
58.7311
58.7293
58.7276
58.7258
58.724
58.7222
58.7205
58.7187
58.7169
58.7151
58.7134
58.7116
58.7098
58.7081
58.7063
58.7045
58.7028
58.701
58.6992
58.6974
58.6957
58.6939
58.6921
58.6904
58.6886
58.6868
58.6851
58.6833
58.6815
58.6797
58.678
58.6762
58.6744
58.6727
58.6709
58.6691
58.6674
58.6656
58.6638
58.662
58.6603
58.6585
58.6567
58.655
58.6532
58.6514
58.6497
58.6479
58.6461
58.6444
58.6426
58.6408
58.639
58.6373
58.6355
58.6337
58.632
58.6302
58.6284
58.6267
58.6249
58.6231
58.6214
58.6196
58.6178
58.6161
58.6143
58.6125
58.6108
58.609
58.6072
58.6055
58.6037
58.6019
58.6002
58.5984
58.5966
58.5948
58.5931
58.5913
58.5896
58.5878
58.586
58.5842
58.5825
58.5807
58.5789
58.5772
58.5754
58.5737
58.5719
58.5701
58.5684
58.5666
58.5648
58.563
58.5613
58.5595
58.5578
58.556
58.5542
58.5525
58.5507
58.5489
58.5472
58.5454
58.5436
58.5419
58.5401
58.5383
58.5366
58.5348
58.533
58.5313
58.5295
58.5277
58.526
58.5242
58.5224
58.5207
58.5189
58.5171
58.5154
58.5136
58.5118
58.5101
58.5083
58.5066
58.5048
58.503
58.5013
58.4995
58.4977
58.496
58.4942
58.4924
58.4907
58.4889
58.4871
58.4854
58.4836
58.4819
58.4801
58.4783
58.4766
58.4748
58.473
58.4713
58.4695
58.4677
58.466
58.4642
58.4625
58.4607
58.4589
58.4572
58.4554
58.4536
58.4519
58.4501
58.4484
58.4466
58.4448
58.4431
58.4413
58.4395
58.4378
58.436
58.4342
58.4325
58.4307
58.429
58.4272
58.4254
58.4237
58.4219
58.4202
58.4184
58.4166
58.4149
58.4131
58.4113
58.4096
58.4078
58.4061
58.4043
58.4025
58.4008
58.399
58.3973
58.3955
58.3937
58.392
58.3902
58.3884
58.3867
58.3849
58.3832
58.3814
58.3796
58.3779
58.3761
58.3744
58.3726
58.3708
58.3691
58.3673
58.3656
58.3638
58.362
58.3603
58.3585
58.3568
58.355
58.3532
58.3515
58.3497
58.348
58.3462
58.3444
58.3427
58.3409
58.3392
58.3374
58.3356
58.3339
58.3321
58.3304
58.3286
58.3268
58.3251
58.3233
58.3216
58.3198
58.318
58.3163
58.3145
58.3128
58.311
58.3093
58.3075
58.3057
58.304
58.3022
58.3005
58.2987
58.2969
58.2952
58.2934
58.2917
58.2899
58.2882
58.2864
58.2846
58.2829
58.2811
58.2794
58.2776
58.2758
58.2741
58.2723
58.2706
58.2688
58.2671
58.2653
58.2635
58.2618
58.26
58.2583
58.2565
58.2548
58.253
58.2512
58.2495
58.2477
58.246
58.2442
58.2425
58.2407
58.2389
58.2372
58.2354
58.2337
58.2319
58.2302
58.2284
58.2267
58.2249
58.2231
58.2214
58.2196
58.2179
58.2161
58.2144
58.2126
58.2108
58.2091
58.2073
58.2056
58.2038
58.2021
58.2003
58.1986
58.1968
58.1951
58.1933
58.1915
58.1898
58.188
58.1863
58.1845
58.1828
58.181
58.1793
58.1775
58.1758
58.174
58.1722
58.1705
58.1687
58.167
58.1652
58.1635
58.1617
58.16
58.1582
58.1564
58.1547
58.1529
58.1512
58.1494
58.1477
58.1459
58.1442
58.1424
58.1407
58.1389
58.1372
58.1354
58.1337
58.1319
58.1301
58.1284
58.1266
58.1249
58.1231
58.1214
58.1196
58.1179
58.1161
58.1144
58.1126
58.1109
58.1091
58.1074
58.1056
58.1039
58.1021
58.1003
58.0986
58.0968
58.0951
58.0933
58.0916
58.0898
58.0881
58.0863
58.0846
58.0828
58.0811
58.0793
58.0776
58.0758
58.0741
58.0723
58.0706
58.0688
58.0671
58.0653
58.0636
58.0618
58.0601
58.0583
58.0566
58.0548
58.0531
58.0513
58.0495
58.0478
58.0461
58.0443
58.0425
58.0408
58.039
58.0373
58.0355
58.0338
58.032
58.0303
58.0285
58.0268
58.025
58.0233
58.0215
58.0198
58.018
58.0163
58.0145
58.0128
58.011
58.0093
58.0075
58.0058
58.004
58.0023
58.0005
57.9988
57.997
57.9953
57.9935
57.9918
57.9901
57.9883
57.9866
57.9848
57.9831
57.9813
57.9796
57.9778
57.9761
57.9743
57.9726
57.9708
57.9691
57.9673
57.9656
57.9638
57.9621
57.9603
57.9586
57.9568
57.9551
57.9533
57.9516
57.9498
57.9481
57.9463
57.9446
57.9429
57.9411
57.9394
57.9376
57.9359
57.9341
57.9324
57.9306
57.9289
57.9271
57.9254
57.9236
57.9219
57.9201
57.9184
57.9166
57.9149
57.9132
57.9114
57.9097
57.9079
57.9062
57.9044
57.9027
57.9009
57.8992
57.8974
57.8957
57.8939
57.8922
57.8904
57.8887
57.887
57.8852
57.8835
57.8817
57.88
57.8782
57.8765
57.8747
57.873
57.8712
57.8695
57.8678
57.866
57.8643
57.8625
57.8608
57.859
57.8573
57.8555
57.8538
57.852
57.8503
57.8486
57.8468
57.8451
57.8433
57.8416
57.8398
57.8381
57.8363
57.8346
57.8329
57.8311
57.8294
57.8276
57.8259
57.8241
57.8224
57.8206
57.8189
57.8172
57.8154
57.8137
57.8119
57.8102
57.8084
57.8067
57.805
57.8032
57.8015
57.7997
57.798
57.7962
57.7945
57.7928
57.791
57.7893
57.7875
57.7858
57.784
57.7823
57.7805
57.7788
57.7771
57.7753
57.7736
57.7718
57.7701
57.7683
57.7666
57.7649
57.7631
57.7614
57.7596
57.7579
57.7562
57.7544
57.7527
57.7509
57.7492
57.7474
57.7457
57.744
57.7422
57.7405
57.7387
57.737
57.7353
57.7335
57.7318
57.73
57.7283
57.7265
57.7248
57.7231
57.7213
57.7196
57.7178
57.7161
57.7144
57.7126
57.7109
57.7091
57.7074
57.7057
57.7039
57.7022
57.7004
57.6987
57.697
57.6952
57.6935
57.6917
57.69
57.6883
57.6865
57.6848
57.683
57.6813
57.6796
57.6778
57.6761
57.6743
57.6726
57.6709
57.6691
57.6674
57.6656
57.6639
57.6622
57.6604
57.6587
57.657
57.6552
57.6535
57.6517
57.65
57.6483
57.6465
57.6448
57.643
57.6413
57.6396
57.6378
57.6361
57.6343
57.6326
57.6309
57.6291
57.6274
57.6257
57.6239
57.6222
57.6204
57.6187
57.617
57.6152
57.6135
57.6118
57.61
57.6083
57.6065
57.6048
57.6031
57.6013
57.5996
57.5979
57.5961
57.5944
57.5926
57.5909
57.5892
57.5874
57.5857
57.584
57.5822
57.5805
57.5787
57.577
57.5753
57.5735
57.5718
57.5701
57.5683
57.5666
57.5649
57.5631
57.5614
57.5597
57.5579
57.5562
57.5544
57.5527
57.551
57.5492
57.5475
57.5458
57.544
57.5423
57.5406
57.5388
57.5371
57.5353
57.5336
57.5319
57.5301
57.5284
57.5267
57.5249
57.5232
57.5215
57.5197
57.518
57.5163
57.5145
57.5128
57.5111
57.5093
57.5076
57.5059
57.5041
57.5024
57.5006
57.4989
57.4972
57.4954
57.4937
57.492
57.4902
57.4885
57.4868
57.485
57.4833
57.4816
57.4798
57.4781
57.4764
57.4746
57.4729
57.4712
57.4694
57.4677
57.466
57.4642
57.4625
57.4608
57.459
57.4573
57.4556
57.4538
57.4521
57.4504
57.4487
57.4469
57.4452
57.4435
57.4417
57.44
57.4383
57.4365
57.4348
57.4331
57.4313
57.4296
57.4279
57.4261
57.4244
57.4227
57.4209
57.4192
57.4175
57.4157
57.414
57.4123
57.4105
57.4088
57.4071
57.4053
57.4036
57.4019
57.4002
57.3984
57.3967
57.395
57.3932
57.3915
57.3898
57.388
57.3863
57.3846
57.3828
57.3811
57.3794
57.3777
57.3759
57.3742
57.3725
57.3707
57.369
57.3673
57.3655
57.3638
57.3621
57.3603
57.3586
57.3569
57.3552
57.3534
57.3517
57.35
57.3482
57.3465
57.3448
57.343
57.3413
57.3396
57.3379
57.3361
57.3344
57.3327
57.3309
57.3292
57.3275
57.3258
57.324
57.3223
57.3206
57.3188
57.3171
57.3154
57.3137
57.3119
57.3102
57.3085
57.3067
57.305
57.3033
57.3016
57.2998
57.2981
57.2964
57.2946
57.2929
57.2912
57.2895
57.2877
57.286
57.2843
57.2825
57.2808
57.2791
57.2774
57.2756
57.2739
57.2722
57.2705
57.2687
57.267
57.2653
57.2635
57.2618
57.2601
57.2584
57.2566
57.2549
57.2532
57.2515
57.2497
57.248
57.2463
57.2446
57.2428
57.2411
57.2394
57.2376
57.2359
57.2342
57.2325
57.2307
57.229
57.2273
57.2256
57.2238
57.2221
57.2204
57.2187
57.2169
57.2152
57.2135
57.2118
57.21
57.2083
57.2066
57.2049
57.2031
57.2014
57.1997
57.198
57.1962
57.1945
57.1928
57.1911
57.1893
57.1876
57.1859
57.1842
57.1824
57.1807
57.179
57.1773
57.1755
57.1738
57.1721
57.1704
57.1686
57.1669
57.1652
57.1635
57.1617
57.16
57.1583
57.1566
57.1548
57.1531
57.1514
57.1497
57.1479
57.1462
57.1445
57.1428
57.1411
57.1393
57.1376
57.1359
57.1342
57.1324
57.1307
57.129
57.1273
57.1255
57.1238
57.1221
57.1204
57.1187
57.1169
57.1152
57.1135
57.1118
57.11
57.1083
57.1066
57.1049
57.1032
57.1014
57.0997
57.098
57.0963
57.0945
57.0928
57.0911
57.0894
57.0877
57.0859
57.0842
57.0825
57.0808
57.079
57.0773
57.0756
57.0739
57.0722
57.0704
57.0687
57.067
57.0653
57.0636
57.0618
57.0601
57.0584
57.0567
57.0549
57.0532
57.0515
57.0498
57.0481
57.0463
57.0446
57.0429
57.0412
57.0395
57.0377
57.036
57.0343
57.0326
57.0309
57.0291
57.0274
57.0257
57.024
57.0223
57.0205
57.0188
57.0171
57.0154
57.0137
57.0119
57.0102
57.0085
57.0068
57.0051
57.0033
57.0016
56.9999
56.9982
56.9965
56.9948
56.993
56.9913
56.9896
56.9879
56.9862
56.9844
56.9827
56.981
56.9793
56.9776
56.9758
56.9741
56.9724
56.9707
56.969
56.9673
56.9655
56.9638
56.9621
56.9604
56.9587
56.9569
56.9552
56.9535
56.9518
56.9501
56.9484
56.9466
56.9449
56.9432
56.9415
56.9398
56.9381
56.9363
56.9346
56.9329
56.9312
56.9295
56.9277
56.926
56.9243
56.9226
56.9209
56.9192
56.9174
56.9157
56.914
56.9123
56.9106
56.9089
56.9071
56.9054
56.9037
56.902
56.9003
56.8986
56.8968
56.8951
56.8934
56.8917
56.89
56.8883
56.8866
56.8848
56.8831
56.8814
56.8797
56.878
56.8763
56.8745
56.8728
56.8711
56.8694
56.8677
56.866
56.8643
56.8625
56.8608
56.8591
56.8574
56.8557
56.854
56.8522
56.8505
56.8488
56.8471
56.8454
56.8437
56.842
56.8402
56.8385
56.8368
56.8351
56.8334
56.8317
56.83
56.8283
56.8265
56.8248
56.8231
56.8214
56.8197
56.818
56.8163
56.8145
56.8128
56.8111
56.8094
56.8077
56.806
56.8043
56.8025
56.8008
56.7991
56.7974
56.7957
56.794
56.7923
56.7906
56.7888
56.7871
56.7854
56.7837
56.782
56.7803
56.7786
56.7769
56.7751
56.7734
56.7717
56.77
56.7683
56.7666
56.7649
56.7632
56.7614
56.7597
56.758
56.7563
56.7546
56.7529
56.7512
56.7495
56.7477
56.746
56.7443
56.7426
56.7409
56.7392
56.7375
56.7358
56.7341
56.7323
56.7306
56.7289
56.7272
56.7255
56.7238
56.7221
56.7204
56.7187
56.7169
56.7152
56.7135
56.7118
56.7101
56.7084
56.7067
56.705
56.7033
56.7016
56.6998
56.6981
56.6964
56.6947
56.693
56.6913
56.6896
56.6879
56.6862
56.6845
56.6828
56.681
56.6793
56.6776
56.6759
56.6742
56.6725
56.6708
56.6691
56.6674
56.6657
56.6639
56.6622
56.6605
56.6588
56.6571
56.6554
56.6537
56.652
56.6503
56.6486
56.6469
56.6451
56.6434
56.6417
56.64
56.6383
56.6366
56.6349
56.6332
56.6315
56.6298
56.6281
56.6264
56.6246
56.6229
56.6212
56.6195
56.6178
56.6161
56.6144
56.6127
56.611
56.6093
56.6076
56.6059
56.6042
56.6025
56.6007
56.599
56.5973
56.5956
56.5939
56.5922
56.5905
56.5888
56.5871
56.5854
56.5837
56.582
56.5803
56.5786
56.5769
56.5751
56.5734
56.5717
56.57
56.5683
56.5666
56.5649
56.5632
56.5615
56.5598
56.5581
56.5564
56.5547
56.553
56.5513
56.5496
56.5479
56.5461
56.5444
56.5427
56.541
56.5393
56.5376
56.5359
56.5342
56.5325
56.5308
56.5291
56.5274
56.5257
56.524
56.5223
56.5206
56.5189
56.5172
56.5154
56.5137
56.512
56.5103
56.5086
56.5069
56.5052
56.5035
56.5018
56.5001
56.4984
56.4967
56.495
56.4933
56.4916
56.4899
56.4882
56.4865
56.4848
56.4831
56.4814
56.4797
56.478
56.4763
56.4746
56.4729
56.4712
56.4695
56.4677
56.466
56.4643
56.4626
56.4609
56.4592
56.4575
56.4558
56.4541
56.4524
56.4507
56.449
56.4473
56.4456
56.4439
56.4422
56.4405
56.4388
56.4371
56.4354
56.4337
56.432
56.4303
56.4286
56.4269
56.4252
56.4235
56.4218
56.4201
56.4184
56.4167
56.415
56.4133
56.4116
56.4099
56.4082
56.4065
56.4048
56.4031
56.4014
56.3997
56.398
56.3963
56.3946
56.3929
56.3912
56.3895
56.3878
56.3861
56.3844
56.3827
56.381
56.3792
56.3776
56.3759
56.3742
56.3725
56.3708
56.3691
56.3674
56.3657
56.364
56.3623
56.3605
56.3589
56.3572
56.3555
56.3538
56.3521
56.3504
56.3487
56.347
56.3453
56.3436
56.3419
56.3402
56.3385
56.3368
56.3351
56.3334
56.3317
56.33
56.3283
56.3266
56.3249
56.3232
56.3215
56.3198
56.3181
56.3164
56.3147
56.313
56.3113
56.3096
56.3079
56.3062
56.3045
56.3028
56.3011
56.2994
56.2977
56.296
56.2943
56.2926
56.2909
56.2892
56.2875
56.2858
56.2841
56.2824
56.2807
56.279
56.2773
56.2756
56.2739
56.2722
56.2705
56.2688
56.2671
56.2654
56.2637
56.262
56.2603
56.2587
56.257
56.2553
56.2536
56.2519
56.2502
56.2485
56.2468
56.2451
56.2434
56.2417
56.24
56.2383
56.2366
56.2349
56.2332
56.2315
56.2298
56.2281
56.2264
56.2247
56.223
56.2213
56.2196
56.2179
56.2162
56.2146
56.2129
56.2112
56.2095
56.2078
56.2061
56.2044
56.2027
56.201
56.1993
56.1976
56.1959
56.1942
56.1925
56.1908
56.1891
56.1874
56.1857
56.184
56.1823
56.1807
56.179
56.1773
56.1756
56.1739
56.1722
56.1705
56.1688
56.1671
56.1654
56.1637
56.162
56.1603
56.1586
56.1569
56.1552
56.1535
56.1519
56.1502
56.1485
56.1468
56.1451
56.1434
56.1417
56.14
56.1383
56.1366
56.1349
56.1332
56.1315
56.1298
56.1281
56.1265
56.1248
56.1231
56.1214
56.1197
56.118
56.1163
56.1146
56.1129
56.1112
56.1095
56.1078
56.1061
56.1045
56.1028
56.1011
56.0994
56.0977
56.096
56.0943
56.0926
56.0909
56.0892
56.0875
56.0858
56.0842
56.0825
56.0808
56.0791
56.0774
56.0757
56.074
56.0723
56.0706
56.0689
56.0672
56.0655
56.0639
56.0622
56.0605
56.0588
56.0571
56.0554
56.0537
56.052
56.0503
56.0486
56.0469
56.0453
56.0436
56.0419
56.0402
56.0385
56.0368
56.0351
56.0334
56.0317
56.03
56.0284
56.0267
56.025
56.0233
56.0216
56.0199
56.0182
56.0165
56.0148
56.0131
56.0115
56.0098
56.0081
56.0064
56.0047
56.003
56.0013
55.9996
55.9979
55.9963
55.9946
55.9929
55.9912
55.9895
55.9878
55.9861
55.9844
55.9828
55.9811
55.9794
55.9777
55.976
55.9743
55.9726
55.9709
55.9692
55.9676
55.9659
55.9642
55.9625
55.9608
55.9591
55.9574
55.9557
55.9541
55.9524
55.9507
55.949
55.9473
55.9456
55.9439
55.9422
55.9406
55.9389
55.9372
55.9355
55.9338
55.9321
55.9304
55.9287
55.9271
55.9254
55.9237
55.922
55.9203
55.9186
55.9169
55.9152
55.9136
55.9119
55.9102
55.9085
55.9068
55.9051
55.9035
55.9018
55.9001
55.8984
55.8967
55.895
55.8933
55.8916
55.89
55.8883
55.8866
55.8849
55.8832
55.8815
55.8798
55.8782
55.8765
55.8748
55.8731
55.8714
55.8697
55.868
55.8664
55.8647
55.863
55.8613
55.8596
55.8579
55.8563
55.8546
55.8529
55.8512
55.8495
55.8478
55.8461
55.8445
55.8428
55.8411
55.8394
55.8377
55.836
55.8344
55.8327
55.831
55.8293
55.8276
55.8259
55.8243
55.8226
55.8209
55.8192
55.8175
55.8158
55.8142
55.8125
55.8108
55.8091
55.8074
55.8057
55.8041
55.8024
55.8007
55.799
55.7973
55.7956
55.794
55.7923
55.7906
55.7889
55.7872
55.7855
55.7839
55.7822
55.7805
55.7788
55.7771
55.7755
55.7738
55.7721
55.7704
55.7687
55.767
55.7654
55.7637
55.762
55.7603
55.7586
55.757
55.7553
55.7536
55.7519
55.7502
55.7485
55.7469
55.7452
55.7435
55.7418
55.7401
55.7385
55.7368
55.7351
55.7334
55.7317
55.73
55.7284
55.7267
55.725
55.7233
55.7216
55.72
55.7183
55.7166
55.7149
55.7132
55.7116
55.7099
55.7082
55.7065
55.7048
55.7032
55.7015
55.6998
55.6981
55.6964
55.6948
55.6931
55.6914
55.6897
55.688
55.6864
55.6847
55.683
55.6813
55.6796
55.678
55.6763
55.6746
55.6729
55.6712
55.6696
55.6679
55.6662
55.6645
55.6629
55.6612
55.6595
55.6578
55.6561
55.6545
55.6528
55.6511
55.6494
55.6477
55.6461
55.6444
55.6427
55.641
55.6394
55.6377
55.636
55.6343
55.6326
55.631
55.6293
55.6276
55.6259
55.6243
55.6226
55.6209
55.6192
55.6175
55.6159
55.6142
55.6125
55.6108
55.6092
55.6075
55.6058
55.6041
55.6025
55.6008
55.5991
55.5974
55.5957
55.5941
55.5924
55.5907
55.589
55.5874
55.5857
55.584
55.5823
55.5807
55.579
55.5773
55.5756
55.5739
55.5723
55.5706
55.5689
55.5672
55.5656
55.5639
55.5622
55.5605
55.5589
55.5572
55.5555
55.5538
55.5522
55.5505
55.5488
55.5471
55.5455
55.5438
55.5421
55.5404
55.5388
55.5371
55.5354
55.5337
55.5321
55.5304
55.5287
55.527
55.5254
55.5237
55.522
55.5203
55.5187
55.517
55.5153
55.5136
55.512
55.5103
55.5086
55.5069
55.5053
55.5036
55.5019
55.5002
55.4986
55.4969
55.4952
55.4935
55.4919
55.4902
55.4885
55.4869
55.4852
55.4835
55.4818
55.4802
55.4785
55.4768
55.4751
55.4735
55.4718
55.4701
55.4684
55.4668
55.4651
55.4634
55.4618
55.4601
55.4584
55.4567
55.4551
55.4534
55.4517
55.4501
55.4484
55.4467
55.445
55.4434
55.4417
55.44
55.4383
55.4367
55.435
55.4333
55.4317
55.43
55.4283
55.4266
55.425
55.4233
55.4216
55.42
55.4183
55.4166
55.4149
55.4133
55.4116
55.4099
55.4083
55.4066
55.4049
55.4032
55.4016
55.3999
55.3982
55.3966
55.3949
55.3932
55.3915
55.3899
55.3882
55.3865
55.3849
55.3832
55.3815
55.3799
55.3782
55.3765
55.3748
55.3732
55.3715
55.3698
55.3682
55.3665
55.3648
55.3632
55.3615
55.3598
55.3581
55.3565
55.3548
55.3531
55.3515
55.3498
55.3481
55.3465
55.3448
55.3431
55.3414
55.3398
55.3381
55.3364
55.3348
55.3331
55.3314
55.3298
55.3281
55.3264
55.3248
55.3231
55.3214
55.3198
55.3181
55.3164
55.3147
55.3131
55.3114
55.3097
55.3081
55.3064
55.3047
55.3031
55.3014
55.2997
55.2981
55.2964
55.2947
55.2931
55.2914
55.2897
55.2881
55.2864
55.2847
55.2831
55.2814
55.2797
55.2781
55.2764
55.2747
55.2731
55.2714
55.2697
55.2681
55.2664
55.2647
55.2631
55.2614
55.2597
55.2581
55.2564
55.2547
55.2531
55.2514
55.2497
55.2481
55.2464
55.2447
55.2431
55.2414
55.2397
55.2381
55.2364
55.2347
55.2331
55.2314
55.2297
55.2281
55.2264
55.2247
55.2231
55.2214
55.2197
55.2181
55.2164
55.2147
55.2131
55.2114
55.2097
55.2081
55.2064
55.2047
55.2031
55.2014
55.1998
55.1981
55.1964
55.1948
55.1931
55.1914
55.1898
55.1881
55.1864
55.1848
55.1831
55.1814
55.1798
55.1781
55.1764
55.1748
55.1731
55.1715
55.1698
55.1681
55.1665
55.1648
55.1631
55.1615
55.1598
55.1581
55.1565
55.1548
55.1532
55.1515
55.1498
55.1482
55.1465
55.1448
55.1432
55.1415
55.1398
55.1382
55.1365
55.1349
55.1332
55.1315
55.1299
55.1282
55.1265
55.1249
55.1232
55.1216
55.1199
55.1182
55.1166
55.1149
55.1132
55.1116
55.1099
55.1083
55.1066
55.1049
55.1033
55.1016
55.0999
55.0983
55.0966
55.095
55.0933
55.0916
55.09
55.0883
55.0867
55.085
55.0833
55.0817
55.08
55.0784
55.0767
55.075
55.0734
55.0717
55.07
55.0684
55.0667
55.0651
55.0634
55.0617
55.0601
55.0584
55.0568
55.0551
55.0534
55.0518
55.0501
55.0485
55.0468
55.0451
55.0435
55.0418
55.0402
55.0385
55.0368
55.0352
55.0335
55.0319
55.0302
55.0285
55.0269
55.0252
55.0236
55.0219
55.0202
55.0186
55.0169
55.0153
55.0136
55.0119
55.0103
55.0086
55.007
55.0053
55.0036
55.002
55.0003
54.9987
54.997
54.9954
54.9937
54.992
54.9904
54.9887
54.9871
54.9854
54.9837
54.9821
54.9804
54.9788
54.9771
54.9755
54.9738
54.9721
54.9705
54.9688
54.9672
54.9655
54.9638
54.9622
54.9605
54.9589
54.9572
54.9556
54.9539
54.9522
54.9506
54.9489
54.9473
54.9456
54.944
54.9423
54.9406
54.939
54.9373
54.9357
54.934
54.9324
54.9307
54.929
54.9274
54.9257
54.9241
54.9224
54.9208
54.9191
54.9174
54.9158
54.9141
54.9125
54.9108
54.9092
54.9075
54.9059
54.9042
54.9025
54.9009
54.8992
54.8976
54.8959
54.8943
54.8926
54.891
54.8893
54.8876
54.886
54.8843
54.8827
54.881
54.8794
54.8777
54.8761
54.8744
54.8727
54.8711
54.8694
54.8678
54.8661
54.8645
54.8628
54.8612
54.8595
54.8579
54.8562
54.8545
54.8529
54.8512
54.8496
54.8479
54.8463
54.8446
54.843
54.8413
54.8397
54.838
54.8363
54.8347
54.833
54.8314
54.8297
54.8281
54.8264
54.8248
54.8231
54.8215
54.8198
54.8182
54.8165
54.8149
54.8132
54.8115
54.8099
54.8082
54.8066
54.8049
54.8033
54.8016
54.8
54.7983
54.7967
54.795
54.7934
54.7917
54.7901
54.7884
54.7868
54.7851
54.7835
54.7818
54.7801
54.7785
54.7768
54.7752
54.7735
54.7719
54.7702
54.7686
54.7669
54.7653
54.7636
54.762
54.7603
54.7587
54.757
54.7554
54.7537
54.7521
54.7504
54.7488
54.7471
54.7455
54.7438
54.7422
54.7405
54.7389
54.7372
54.7355
54.7339
54.7322
54.7306
54.7289
54.7273
54.7256
54.724
54.7223
54.7207
54.719
54.7174
54.7157
54.7141
54.7124
54.7108
54.7091
54.7075
54.7058
54.7042
54.7025
54.7009
54.6992
54.6976
54.6959
54.6943
54.6926
54.691
54.6893
54.6877
54.686
54.6844
54.6827
54.6811
54.6794
54.6778
54.6762
54.6745
54.6729
54.6712
54.6696
54.6679
54.6663
54.6646
54.663
54.6613
54.6597
54.658
54.6564
54.6547
54.6531
54.6514
54.6498
54.6481
54.6465
54.6448
54.6432
54.6415
54.6399
54.6382
54.6366
54.6349
54.6333
54.6316
54.63
54.6283
54.6267
54.6251
54.6234
54.6218
54.6201
54.6185
54.6168
54.6152
54.6135
54.6119
54.6102
54.6086
54.6069
54.6053
54.6036
54.602
54.6003
54.5987
54.5971
54.5954
54.5938
54.5921
54.5905
54.5888
54.5872
54.5855
54.5839
54.5822
54.5806
54.5789
54.5773
54.5756
54.574
54.5724
54.5707
54.5691
54.5674
54.5658
54.5641
54.5625
54.5608
54.5592
54.5575
54.5559
54.5543
54.5526
54.551
54.5493
54.5477
54.546
54.5444
54.5427
54.5411
54.5394
54.5378
54.5362
54.5345
54.5329
54.5312
54.5296
54.5279
54.5263
54.5246
54.523
54.5214
54.5197
54.5181
54.5164
54.5148
54.5131
54.5115
54.5098
54.5082
54.5066
54.5049
54.5033
54.5016
54.5
54.4983
54.4967
54.4951
54.4934
54.4918
54.4901
54.4885
54.4868
54.4852
54.4836
54.4819
54.4803
54.4786
54.477
54.4753
54.4737
54.472
54.4704
54.4688
54.4671
54.4655
54.4638
54.4622
54.4605
54.4589
54.4573
54.4556
54.454
54.4523
54.4507
54.4491
54.4474
54.4458
54.4441
54.4425
54.4408
54.4392
54.4376
54.4359
54.4343
54.4326
54.431
54.4293
54.4277
54.4261
54.4244
54.4228
54.4211
54.4195
54.4179
54.4162
54.4146
54.4129
54.4113
54.4097
54.408
54.4064
54.4047
54.4031
54.4014
54.3998
54.3982
54.3965
54.3949
54.3932
54.3916
54.39
54.3883
54.3867
54.385
54.3834
54.3818
54.3801
54.3785
54.3768
54.3752
54.3736
54.3719
54.3703
54.3686
54.367
54.3654
54.3637
54.3621
54.3604
54.3588
54.3572
54.3555
54.3539
54.3522
54.3506
54.349
54.3473
54.3457
54.3441
54.3424
54.3408
54.3391
54.3375
54.3359
54.3342
54.3326
54.3309
54.3293
54.3277
54.326
54.3244
54.3227
54.3211
54.3195
54.3178
54.3162
54.3146
54.3129
54.3113
54.3096
54.308
54.3064
54.3047
54.3031
54.3015
54.2998
54.2982
54.2965
54.2949
54.2933
54.2916
54.29
54.2884
54.2867
54.2851
54.2834
54.2818
54.2802
54.2785
54.2769
54.2753
54.2736
54.272
54.2703
54.2687
54.2671
54.2654
54.2638
54.2622
54.2605
54.2589
54.2572
54.2556
54.254
54.2523
54.2507
54.2491
54.2474
54.2458
54.2442
54.2425
54.2409
54.2393
54.2376
54.236
54.2343
54.2327
54.2311
54.2294
54.2278
54.2262
54.2245
54.2229
54.2213
54.2196
54.218
54.2164
54.2147
54.2131
54.2114
54.2098
54.2082
54.2065
54.2049
54.2033
54.2016
54.2
54.1984
54.1967
54.1951
54.1935
54.1918
54.1902
54.1886
54.1869
54.1853
54.1837
54.182
54.1804
54.1788
54.1771
54.1755
54.1739
54.1722
54.1706
54.169
54.1673
54.1657
54.1641
54.1624
54.1608
54.1591
54.1575
54.1559
54.1543
54.1526
54.151
54.1494
54.1477
54.1461
54.1445
54.1428
54.1412
54.1396
54.1379
54.1363
54.1347
54.133
54.1314
54.1298
54.1281
54.1265
54.1249
54.1232
54.1216
54.12
54.1183
54.1167
54.1151
54.1134
54.1118
54.1102
54.1085
54.1069
54.1053
54.1036
54.102
54.1004
54.0987
54.0971
54.0955
54.0939
54.0922
54.0906
54.089
54.0873
54.0857
54.0841
54.0824
54.0808
54.0792
54.0775
54.0759
54.0743
54.0726
54.071
54.0694
54.0678
54.0661
54.0645
54.0629
54.0612
54.0596
54.058
54.0563
54.0547
54.0531
54.0514
54.0498
54.0482
54.0466
54.0449
54.0433
54.0417
54.04
54.0384
54.0368
54.0351
54.0335
54.0319
54.0303
54.0286
54.027
54.0254
54.0237
54.0221
54.0205
54.0189
54.0172
54.0156
54.014
54.0123
54.0107
54.0091
54.0075
54.0058
54.0042
54.0026
54.0009
53.9993
53.9977
53.9961
53.9944
53.9928
53.9912
53.9895
53.9879
53.9863
53.9846
53.983
53.9814
53.9798
53.9781
53.9765
53.9749
53.9733
53.9716
53.97
53.9684
53.9667
53.9651
53.9635
53.9619
53.9602
53.9586
53.957
53.9554
53.9537
53.9521
53.9505
53.9488
53.9472
53.9456
53.944
53.9423
53.9407
53.9391
53.9375
53.9358
53.9342
53.9326
53.9309
53.9293
53.9277
53.9261
53.9244
53.9228
53.9212
53.9196
53.9179
53.9163
53.9147
53.9131
53.9114
53.9098
53.9082
53.9066
53.9049
53.9033
53.9017
53.9001
53.8984
53.8968
53.8952
53.8935
53.8919
53.8903
53.8887
53.887
53.8854
53.8838
53.8822
53.8805
53.8789
53.8773
53.8757
53.874
53.8724
53.8708
53.8692
53.8675
53.8659
53.8643
53.8627
53.861
53.8594
53.8578
53.8562
53.8545
53.8529
53.8513
53.8497
53.848
53.8464
53.8448
53.8432
53.8416
53.8399
53.8383
53.8367
53.8351
53.8334
53.8318
53.8302
53.8286
53.8269
53.8253
53.8237
53.8221
53.8204
53.8188
53.8172
53.8156
53.814
53.8123
53.8107
53.8091
53.8075
53.8058
53.8042
53.8026
53.801
53.7994
53.7977
53.7961
53.7945
53.7929
53.7912
53.7896
53.788
53.7864
53.7847
53.7831
53.7815
53.7799
53.7783
53.7766
53.775
53.7734
53.7718
53.7702
53.7685
53.7669
53.7653
53.7637
53.762
53.7604
53.7588
53.7572
53.7556
53.7539
53.7523
53.7507
53.7491
53.7475
53.7458
53.7442
53.7426
53.741
53.7393
53.7377
53.7361
53.7345
53.7329
53.7312
53.7296
53.728
53.7264
53.7248
53.7231
53.7215
53.7199
53.7183
53.7167
53.715
53.7134
53.7118
53.7102
53.7086
53.7069
53.7053
53.7037
53.7021
53.7005
53.6988
53.6972
53.6956
53.694
53.6924
53.6907
53.6891
53.6875
53.6859
53.6843
53.6826
53.681
53.6794
53.6778
53.6762
53.6746
53.6729
53.6713
53.6697
53.6681
53.6665
53.6648
53.6632
53.6616
53.66
53.6584
53.6567
53.6551
53.6535
53.6519
53.6503
53.6487
53.647
53.6454
53.6438
53.6422
53.6406
53.639
53.6373
53.6357
53.6341
53.6325
53.6309
53.6292
53.6276
53.626
53.6244
53.6228
53.6212
53.6195
53.6179
53.6163
53.6147
53.6131
53.6115
53.6098
53.6082
53.6066
53.605
53.6034
53.6018
53.6001
53.5985
53.5969
53.5953
53.5937
53.592
53.5904
53.5888
53.5872
53.5856
53.584
53.5824
53.5807
53.5791
53.5775
53.5759
53.5743
53.5727
53.571
53.5694
53.5678
53.5662
53.5646
53.563
53.5614
53.5597
53.5581
53.5565
53.5549
53.5533
53.5517
53.55
53.5484
53.5468
53.5452
53.5436
53.542
53.5404
53.5387
53.5371
53.5355
53.5339
53.5323
53.5307
53.5291
53.5274
53.5258
53.5242
53.5226
53.521
53.5194
53.5177
53.5161
53.5145
53.5129
53.5113
53.5097
53.5081
53.5065
53.5048
53.5032
53.5016
53.5
53.4984
53.4968
53.4952
53.4935
53.4919
53.4903
53.4887
53.4871
53.4855
53.4839
53.4823
53.4806
53.479
53.4774
53.4758
53.4742
53.4726
53.471
53.4693
53.4677
53.4661
53.4645
53.4629
53.4613
53.4597
53.4581
53.4565
53.4548
53.4532
53.4516
53.45
53.4484
53.4468
53.4452
53.4436
53.4419
53.4403
53.4387
53.4371
53.4355
53.4339
53.4323
53.4307
53.429
53.4274
53.4258
53.4242
53.4226
53.421
53.4194
53.4178
53.4162
53.4146
53.4129
53.4113
53.4097
53.4081
53.4065
53.4049
53.4033
53.4017
53.4
53.3984
53.3968
53.3952
53.3936
53.392
53.3904
53.3888
53.3872
53.3856
53.3839
53.3823
53.3807
53.3791
53.3775
53.3759
53.3743
53.3727
53.3711
53.3695
53.3678
53.3662
53.3646
53.363
53.3614
53.3598
53.3582
53.3566
53.355
53.3534
53.3517
53.3501
53.3485
53.3469
53.3453
53.3437
53.3421
53.3405
53.3389
53.3373
53.3357
53.3341
53.3324
53.3308
53.3292
53.3276
53.326
53.3244
53.3228
53.3212
53.3196
53.318
53.3164
53.3148
53.3131
53.3115
53.3099
53.3083
53.3067
53.3051
53.3035
53.3019
53.3003
53.2987
53.2971
53.2955
53.2939
53.2923
53.2906
53.289
53.2874
53.2858
53.2842
53.2826
53.281
53.2794
53.2778
53.2762
53.2746
53.273
53.2714
53.2698
53.2681
53.2665
53.2649
53.2633
53.2617
53.2601
53.2585
53.2569
53.2553
53.2537
53.2521
53.2505
53.2489
53.2473
53.2457
53.244
53.2424
53.2408
53.2392
53.2376
53.236
53.2344
53.2328
53.2312
53.2296
53.228
53.2264
53.2248
53.2232
53.2216
53.22
53.2184
53.2168
53.2152
53.2136
53.2119
53.2103
53.2087
53.2071
53.2055
53.2039
53.2023
53.2007
53.1991
53.1975
53.1959
53.1943
53.1927
53.1911
53.1895
53.1879
53.1863
53.1847
53.1831
53.1815
53.1799
53.1782
53.1766
53.175
53.1734
53.1718
53.1702
53.1686
53.167
53.1654
53.1638
53.1622
53.1606
53.159
53.1574
53.1558
53.1542
53.1526
53.151
53.1494
53.1478
53.1462
53.1446
53.143
53.1414
53.1398
53.1382
53.1366
53.135
53.1334
53.1318
53.1302
53.1286
53.1269
53.1253
53.1237
53.1221
53.1205
53.1189
53.1173
53.1157
53.1141
53.1125
53.1109
53.1093
53.1077
53.1061
53.1045
53.1029
53.1013
53.0997
53.0981
53.0965
53.0949
53.0933
53.0917
53.0901
53.0885
53.0869
53.0853
53.0837
53.0821
53.0805
53.0789
53.0773
53.0757
53.0741
53.0725
53.0709
53.0693
53.0677
53.0661
53.0645
53.0629
53.0613
53.0597
53.0581
53.0565
53.0549
53.0533
53.0517
53.0501
53.0485
53.0469
53.0453
53.0437
53.0421
53.0405
53.0389
53.0373
53.0357
53.0341
53.0325
53.0309
53.0293
53.0277
53.0261
53.0245
53.0229
53.0213
53.0197
53.0181
53.0165
53.0149
53.0133
53.0117
53.0101
53.0085
53.0069
53.0053
53.0037
53.0021
53.0005
52.9989
52.9973
52.9957
52.9941
52.9925
52.9909
52.9893
52.9877
52.9861
52.9845
52.9829
52.9813
52.9797
52.9781
52.9765
52.9749
52.9733
52.9717
52.9702
52.9686
52.967
52.9654
52.9638
52.9622
52.9606
52.959
52.9574
52.9558
52.9542
52.9526
52.951
52.9494
52.9478
52.9462
52.9446
52.943
52.9414
52.9398
52.9382
52.9366
52.935
52.9334
52.9318
52.9302
52.9286
52.927
52.9254
52.9238
52.9222
52.9206
52.919
52.9175
52.9159
52.9143
52.9127
52.9111
52.9095
52.9079
52.9063
52.9047
52.9031
52.9015
52.8999
52.8983
52.8967
52.8951
52.8935
52.8919
52.8903
52.8887
52.8871
52.8855
52.8839
52.8824
52.8808
52.8792
52.8776
52.876
52.8744
52.8728
52.8712
52.8696
52.868
52.8664
52.8648
52.8632
52.8616
52.86
52.8584
52.8568
52.8552
52.8537
52.8521
52.8505
52.8489
52.8473
52.8457
52.8441
52.8425
52.8409
52.8393
52.8377
52.8361
52.8345
52.8329
52.8313
52.8297
52.8282
52.8266
52.825
52.8234
52.8218
52.8202
52.8186
52.817
52.8154
52.8138
52.8122
52.8106
52.809
52.8074
52.8059
52.8043
52.8027
52.8011
52.7995
52.7979
52.7963
52.7947
52.7931
52.7915
52.7899
52.7883
52.7867
52.7851
52.7836
52.782
52.7804
52.7788
52.7772
52.7756
52.774
52.7724
52.7708
52.7692
52.7676
52.766
52.7645
52.7629
52.7613
52.7597
52.7581
52.7565
52.7549
52.7533
52.7517
52.7501
52.7485
52.747
52.7454
52.7438
52.7422
52.7406
52.739
52.7374
52.7358
52.7342
52.7326
52.731
52.7295
52.7279
52.7263
52.7247
52.7231
52.7215
52.7199
52.7183
52.7167
52.7151
52.7136
52.712
52.7104
52.7088
52.7072
52.7056
52.704
52.7024
52.7008
52.6993
52.6977
52.6961
52.6945
52.6929
52.6913
52.6897
52.6881
52.6865
52.6849
52.6834
52.6818
52.6802
52.6786
52.677
52.6754
52.6738
52.6722
52.6706
52.6691
52.6675
52.6659
52.6643
52.6627
52.6611
52.6595
52.6579
52.6564
52.6548
52.6532
52.6516
52.65
52.6484
52.6468
52.6452
52.6436
52.6421
52.6405
52.6389
52.6373
52.6357
52.6341
52.6325
52.631
52.6294
52.6278
52.6262
52.6246
52.623
52.6214
52.6198
52.6182
52.6167
52.6151
52.6135
52.6119
52.6103
52.6087
52.6071
52.6056
52.604
52.6024
52.6008
52.5992
52.5976
52.596
52.5944
52.5929
52.5913
52.5897
52.5881
52.5865
52.5849
52.5833
52.5818
52.5802
52.5786
52.577
52.5754
52.5738
52.5722
52.5707
52.5691
52.5675
52.5659
52.5643
52.5627
52.5611
52.5596
52.558
52.5564
52.5548
52.5532
52.5516
52.5501
52.5485
52.5469
52.5453
52.5437
52.5421
52.5405
52.539
52.5374
52.5358
52.5342
52.5326
52.531
52.5295
52.5279
52.5263
52.5247
52.5231
52.5215
52.52
52.5184
52.5168
52.5152
52.5136
52.512
52.5104
52.5089
52.5073
52.5057
52.5041
52.5025
52.5009
52.4994
52.4978
52.4962
52.4946
52.493
52.4914
52.4899
52.4883
52.4867
52.4851
52.4835
52.4819
52.4804
52.4788
52.4772
52.4756
52.474
52.4724
52.4709
52.4693
52.4677
52.4661
52.4645
52.463
52.4614
52.4598
52.4582
52.4566
52.455
52.4535
52.4519
52.4503
52.4487
52.4471
52.4455
52.444
52.4424
52.4408
52.4392
52.4376
52.4361
52.4345
52.4329
52.4313
52.4297
52.4282
52.4266
52.425
52.4234
52.4218
52.4202
52.4187
52.4171
52.4155
52.4139
52.4123
52.4108
52.4092
52.4076
52.406
52.4044
52.4029
52.4013
52.3997
52.3981
52.3965
52.395
52.3934
52.3918
52.3902
52.3886
52.3871
52.3855
52.3839
52.3823
52.3807
52.3792
52.3776
52.376
52.3744
52.3728
52.3713
52.3697
52.3681
52.3665
52.3649
52.3634
52.3618
52.3602
52.3586
52.357
52.3555
52.3539
52.3523
52.3507
52.3491
52.3476
52.346
52.3444
52.3428
52.3413
52.3397
52.3381
52.3365
52.3349
52.3334
52.3318
52.3302
52.3286
52.327
52.3255
52.3239
52.3223
52.3207
52.3192
52.3176
52.316
52.3144
52.3128
52.3113
52.3097
52.3081
52.3065
52.305
52.3034
52.3018
52.3002
52.2986
52.2971
52.2955
52.2939
52.2923
52.2908
52.2892
52.2876
52.286
52.2845
52.2829
52.2813
52.2797
52.2781
52.2766
52.275
52.2734
52.2718
52.2703
52.2687
52.2671
52.2655
52.264
52.2624
52.2608
52.2592
52.2577
52.2561
52.2545
52.2529
52.2514
52.2498
52.2482
52.2466
52.245
52.2435
52.2419
52.2403
52.2387
52.2372
52.2356
52.234
52.2324
52.2309
52.2293
52.2277
52.2261
52.2246
52.223
52.2214
52.2198
52.2183
52.2167
52.2151
52.2135
52.212
52.2104
52.2088
52.2072
52.2057
52.2041
52.2025
52.2009
52.1994
52.1978
52.1962
52.1946
52.1931
52.1915
52.1899
52.1884
52.1868
52.1852
52.1836
52.1821
52.1805
52.1789
52.1773
52.1758
52.1742
52.1726
52.171
52.1695
52.1679
52.1663
52.1647
52.1632
52.1616
52.16
52.1585
52.1569
52.1553
52.1537
52.1522
52.1506
52.149
52.1474
52.1459
52.1443
52.1427
52.1411
52.1396
52.138
52.1364
52.1349
52.1333
52.1317
52.1301
52.1286
52.127
52.1254
52.1239
52.1223
52.1207
52.1191
52.1176
52.116
52.1144
52.1129
52.1113
52.1097
52.1081
52.1066
52.105
52.1034
52.1018
52.1003
52.0987
52.0971
52.0956
52.094
52.0924
52.0909
52.0893
52.0877
52.0861
52.0846
52.083
52.0814
52.0799
52.0783
52.0767
52.0751
52.0736
52.072
52.0704
52.0689
52.0673
52.0657
52.0641
52.0626
52.061
52.0594
52.0579
52.0563
52.0547
52.0532
52.0516
52.05
52.0484
52.0469
52.0453
52.0437
52.0422
52.0406
52.039
52.0375
52.0359
52.0343
52.0327
52.0312
52.0296
52.028
52.0265
52.0249
52.0233
52.0218
52.0202
52.0186
52.0171
52.0155
52.0139
52.0124
52.0108
52.0092
52.0076
52.0061
52.0045
52.0029
52.0014
51.9998
51.9982
51.9967
51.9951
51.9935
51.992
51.9904
51.9888
51.9873
51.9857
51.9841
51.9826
51.981
51.9794
51.9779
51.9763
51.9747
51.9731
51.9716
51.97
51.9684
51.9669
51.9653
51.9637
51.9622
51.9606
51.959
51.9575
51.9559
51.9543
51.9528
51.9512
51.9496
51.9481
51.9465
51.9449
51.9434
51.9418
51.9402
51.9387
51.9371
51.9355
51.934
51.9324
51.9308
51.9293
51.9277
51.9261
51.9246
51.923
51.9214
51.9199
51.9183
51.9167
51.9152
51.9136
51.912
51.9105
51.9089
51.9074
51.9058
51.9042
51.9027
51.9011
51.8995
51.898
51.8964
51.8948
51.8933
51.8917
51.8901
51.8886
51.887
51.8854
51.8839
51.8823
51.8807
51.8792
51.8776
51.876
51.8745
51.8729
51.8714
51.8698
51.8682
51.8667
51.8651
51.8635
51.862
51.8604
51.8588
51.8573
51.8557
51.8542
51.8526
51.851
51.8495
51.8479
51.8463
51.8448
51.8432
51.8416
51.8401
51.8385
51.8369
51.8354
51.8338
51.8323
51.8307
51.8291
51.8276
51.826
51.8244
51.8229
51.8213
51.8198
51.8182
51.8166
51.8151
51.8135
51.8119
51.8104
51.8088
51.8073
51.8057
51.8041
51.8026
51.801
51.7994
51.7979
51.7963
51.7948
51.7932
51.7916
51.7901
51.7885
51.7869
51.7854
51.7838
51.7823
51.7807
51.7791
51.7776
51.776
51.7744
51.7729
51.7713
51.7698
51.7682
51.7666
51.7651
51.7635
51.762
51.7604
51.7588
51.7573
51.7557
51.7542
51.7526
51.751
51.7495
51.7479
51.7463
51.7448
51.7432
51.7417
51.7401
51.7385
51.737
51.7354
51.7339
51.7323
51.7307
51.7292
51.7276
51.7261
51.7245
51.7229
51.7214
51.7198
51.7183
51.7167
51.7151
51.7136
51.712
51.7105
51.7089
51.7073
51.7058
51.7042
51.7027
51.7011
51.6996
51.698
51.6964
51.6949
51.6933
51.6917
51.6902
51.6886
51.6871
51.6855
51.684
51.6824
51.6808
51.6793
51.6777
51.6762
51.6746
51.673
51.6715
51.6699
51.6684
51.6668
51.6653
51.6637
51.6621
51.6606
51.659
51.6575
51.6559
51.6543
51.6528
51.6512
51.6497
51.6481
51.6466
51.645
51.6434
51.6419
51.6403
51.6388
51.6372
51.6357
51.6341
51.6325
51.631
51.6294
51.6279
51.6263
51.6248
51.6232
51.6216
51.6201
51.6185
51.617
51.6154
51.6139
51.6123
51.6107
51.6092
51.6076
51.6061
51.6045
51.603
51.6014
51.5998
51.5983
51.5967
51.5952
51.5936
51.5921
51.5905
51.589
51.5874
51.5858
51.5843
51.5827
51.5812
51.5796
51.5781
51.5765
51.575
51.5734
51.5718
51.5703
51.5687
51.5672
51.5656
51.5641
51.5625
51.561
51.5594
51.5578
51.5563
51.5547
51.5532
51.5516
51.5501
51.5485
51.547
51.5454
51.5438
51.5423
51.5407
51.5392
51.5376
51.5361
51.5345
51.533
51.5314
51.5299
51.5283
51.5268
51.5252
51.5236
51.5221
51.5205
51.519
51.5174
51.5159
51.5143
51.5128
51.5112
51.5097
51.5081
51.5066
51.505
51.5035
51.5019
51.5003
51.4988
51.4972
51.4957
51.4941
51.4926
51.491
51.4895
51.4879
51.4864
51.4848
51.4833
51.4817
51.4802
51.4786
51.477
51.4755
51.4739
51.4724
51.4708
51.4693
51.4677
51.4662
51.4646
51.4631
51.4615
51.46
51.4584
51.4569
51.4553
51.4538
51.4522
51.4507
51.4491
51.4476
51.446
51.4445
51.4429
51.4414
51.4398
51.4382
51.4367
51.4352
51.4336
51.432
51.4305
51.4289
51.4274
51.4258
51.4243
51.4227
51.4212
51.4196
51.4181
51.4165
51.415
51.4134
51.4119
51.4103
51.4088
51.4072
51.4057
51.4041
51.4026
51.401
51.3995
51.3979
51.3964
51.3948
51.3933
51.3917
51.3902
51.3886
51.3871
51.3855
51.384
51.3824
51.3809
51.3793
51.3778
51.3762
51.3747
51.3731
51.3716
51.37
51.3685
51.3669
51.3654
51.3638
51.3623
51.3607
51.3592
51.3576
51.3561
51.3545
51.353
51.3514
51.3499
51.3483
51.3468
51.3452
51.3437
51.3421
51.3406
51.3391
51.3375
51.336
51.3344
51.3329
51.3313
51.3298
51.3282
51.3267
51.3251
51.3236
51.322
51.3205
51.3189
51.3174
51.3158
51.3143
51.3127
51.3112
51.3096
51.3081
51.3065
51.305
51.3035
51.3019
51.3004
51.2988
51.2973
51.2957
51.2942
51.2926
51.2911
51.2895
51.288
51.2864
51.2849
51.2833
51.2818
51.2802
51.2787
51.2772
51.2756
51.2741
51.2725
51.271
51.2694
51.2679
51.2663
51.2648
51.2632
51.2617
51.2601
51.2586
51.257
51.2555
51.254
51.2524
51.2509
51.2493
51.2478
51.2462
51.2447
51.2431
51.2416
51.2401
51.2385
51.237
51.2354
51.2339
51.2323
51.2308
51.2292
51.2277
51.2261
51.2246
51.2231
51.2215
51.22
51.2184
51.2169
51.2153
51.2138
51.2122
51.2107
51.2091
51.2076
51.2061
51.2045
51.203
51.2014
51.1999
51.1983
51.1968
51.1952
51.1937
51.1922
51.1906
51.1891
51.1875
51.186
51.1844
51.1829
51.1814
51.1798
51.1783
51.1767
51.1752
51.1736
51.1721
51.1705
51.169
51.1675
51.1659
51.1644
51.1628
51.1613
51.1597
51.1582
51.1567
51.1551
51.1536
51.152
51.1505
51.1489
51.1474
51.1459
51.1443
51.1428
51.1412
51.1397
51.1381
51.1366
51.1351
51.1335
51.132
51.1304
51.1289
51.1274
51.1258
51.1243
51.1227
51.1212
51.1196
51.1181
51.1166
51.115
51.1135
51.1119
51.1104
51.1089
51.1073
51.1058
51.1042
51.1027
51.1012
51.0996
51.0981
51.0965
51.095
51.0934
51.0919
51.0904
51.0888
51.0873
51.0857
51.0842
51.0827
51.0811
51.0796
51.078
51.0765
51.075
51.0734
51.0719
51.0703
51.0688
51.0673
51.0657
51.0642
51.0626
51.0611
51.0596
51.058
51.0565
51.0549
51.0534
51.0518
51.0503
51.0488
51.0472
51.0457
51.0442
51.0426
51.0411
51.0395
51.038
51.0365
51.0349
51.0334
51.0318
51.0303
51.0288
51.0272
51.0257
51.0241
51.0226
51.0211
51.0195
51.018
51.0164
51.0149
51.0134
51.0118
51.0103
51.0088
51.0072
51.0057
51.0041
51.0026
51.0011
50.9995
50.998
50.9964
50.9949
50.9934
50.9918
50.9903
50.9888
50.9872
50.9857
50.9841
50.9826
50.9811
50.9795
50.978
50.9765
50.9749
50.9734
50.9718
50.9703
50.9688
50.9672
50.9657
50.9642
50.9626
50.9611
50.9595
50.958
50.9565
50.9549
50.9534
50.9519
50.9503
50.9488
50.9473
50.9457
50.9442
50.9426
50.9411
50.9396
50.938
50.9365
50.935
50.9334
50.9319
50.9304
50.9288
50.9273
50.9257
50.9242
50.9227
50.9211
50.9196
50.9181
50.9165
50.915
50.9135
50.9119
50.9104
50.9089
50.9073
50.9058
50.9042
50.9027
50.9012
50.8996
50.8981
50.8966
50.895
50.8935
50.892
50.8904
50.8889
50.8874
50.8858
50.8843
50.8828
50.8812
50.8797
50.8782
50.8766
50.8751
50.8736
50.872
50.8705
50.8689
50.8674
50.8659
50.8643
50.8628
50.8613
50.8597
50.8582
50.8567
50.8551
50.8536
50.8521
50.8505
50.849
50.8475
50.8459
50.8444
50.8429
50.8413
50.8398
50.8383
50.8367
50.8352
50.8337
50.8321
50.8306
50.8291
50.8275
50.826
50.8245
50.8229
50.8214
50.8199
50.8183
50.8168
50.8153
50.8137
50.8122
50.8107
50.8091
50.8076
50.8061
50.8046
50.803
50.8015
50.8
50.7984
50.7969
50.7954
50.7938
50.7923
50.7908
50.7892
50.7877
50.7862
50.7846
50.7831
50.7816
50.78
50.7785
50.777
50.7754
50.7739
50.7724
50.7709
50.7693
50.7678
50.7663
50.7647
50.7632
50.7617
50.7601
50.7586
50.7571
50.7555
50.754
50.7525
50.7509
50.7494
50.7479
50.7464
50.7448
50.7433
50.7418
50.7402
50.7387
50.7372
50.7356
50.7341
50.7326
50.731
50.7295
50.728
50.7265
50.7249
50.7234
50.7219
50.7203
50.7188
50.7173
50.7158
50.7142
50.7127
50.7112
50.7096
50.7081
50.7066
50.7051
50.7035
50.702
50.7005
50.6989
50.6974
50.6959
50.6943
50.6928
50.6913
50.6898
50.6882
50.6867
50.6852
50.6836
50.6821
50.6806
50.6791
50.6775
50.676
50.6745
50.6729
50.6714
50.6699
50.6684
50.6668
50.6653
50.6638
50.6622
50.6607
50.6592
50.6577
50.6561
50.6546
50.6531
50.6516
50.65
50.6485
50.647
50.6454
50.6439
50.6424
50.6409
50.6393
50.6378
50.6363
50.6347
50.6332
50.6317
50.6302
50.6286
50.6271
50.6256
50.6241
50.6225
50.621
50.6195
50.618
50.6164
50.6149
50.6134
50.6118
50.6103
50.6088
50.6073
50.6057
50.6042
50.6027
50.6012
50.5996
50.5981
50.5966
50.5951
50.5935
50.592
50.5905
50.589
50.5874
50.5859
50.5844
50.5829
50.5813
50.5798
50.5783
50.5767
50.5752
50.5737
50.5722
50.5706
50.5691
50.5676
50.5661
50.5645
50.563
50.5615
50.56
50.5584
50.5569
50.5554
50.5539
50.5523
50.5508
50.5493
50.5478
50.5462
50.5447
50.5432
50.5417
50.5401
50.5386
50.5371
50.5356
50.5341
50.5325
50.531
50.5295
50.528
50.5264
50.5249
50.5234
50.5219
50.5203
50.5188
50.5173
50.5158
50.5142
50.5127
50.5112
50.5097
50.5082
50.5066
50.5051
50.5036
50.5021
50.5005
50.499
50.4975
50.496
50.4944
50.4929
50.4914
50.4899
50.4883
50.4868
50.4853
50.4838
50.4823
50.4807
50.4792
50.4777
50.4762
50.4746
50.4731
50.4716
50.4701
50.4686
50.467
50.4655
50.464
50.4625
50.4609
50.4594
50.4579
50.4564
50.4549
50.4533
50.4518
50.4503
50.4488
50.4473
50.4457
50.4442
50.4427
50.4412
50.4396
50.4381
50.4366
50.4351
50.4336
50.432
50.4305
50.429
50.4275
50.426
50.4244
50.4229
50.4214
50.4199
50.4184
50.4168
50.4153
50.4138
50.4123
50.4107
50.4092
50.4077
50.4062
50.4047
50.4031
50.4016
50.4001
50.3986
50.3971
50.3955
50.394
50.3925
50.391
50.3895
50.3879
50.3864
50.3849
50.3834
50.3819
50.3803
50.3788
50.3773
50.3758
50.3743
50.3727
50.3712
50.3697
50.3682
50.3667
50.3652
50.3636
50.3621
50.3606
50.3591
50.3576
50.356
50.3545
50.353
50.3515
50.35
50.3484
50.3469
50.3454
