136.17
135.489
134.812
134.139
133.468
132.802
132.138
131.478
130.821
130.167
129.517
128.87
128.226
127.585
126.948
126.313
125.682
125.054
124.43
123.808
123.189
122.574
121.961
121.352
120.746
120.142
119.542
118.945
118.35
117.759
117.171
116.585
116.003
115.423
114.846
114.273
113.702
113.134
112.568
112.006
111.446
110.889
110.335
109.784
109.236
108.69
108.147
107.606
107.069
106.534
106.002
105.472
104.945
104.421
103.899
103.38
102.863
102.349
101.838
101.329
100.823
100.319
99.8177
99.319
98.8228
98.329
97.8377
97.3489
96.8625
96.3785
95.897
95.4178
94.9411
94.4667
93.9947
93.5251
93.0578
92.5928
92.1302
91.6699
91.2119
90.7561
90.3027
89.8515
89.4026
88.9559
88.5114
88.0692
87.6291
87.1913
86.7557
86.3222
85.8909
85.4617
85.0347
84.6099
84.1871
83.7665
83.348
82.9315
82.5172
82.1049
81.6946
81.2865
80.8803
80.4762
80.0741
79.674
79.2759
78.8798
78.4857
78.0936
77.7034
77.3151
76.9288
76.5445
76.162
75.7815
75.4029
75.0261
74.6513
74.2783
73.9071
73.5379
73.1704
72.8048
72.4411
72.0791
71.719
71.3607
71.0041
70.6494
70.2964
69.9451
69.5957
69.2479
68.9019
68.5577
68.2151
67.8743
67.5352
67.1977
66.862
66.5279
66.1955
65.8648
65.5357
65.2082
64.8824
64.5583
64.2357
63.9147
63.5954
63.2777
62.9615
62.6469
62.3339
62.0224
61.7126
61.4042
61.0974
60.7921
60.4884
60.1862
59.8855
59.5863
59.2885
58.9923
58.6976
58.4043
58.1125
57.8221
57.5332
57.2458
56.9597
56.6751
56.392
56.1102
55.8299
55.5509
55.2733
54.9972
54.7224
54.449
54.1769
53.9062
53.6369
53.3689
53.1022
52.8369
52.5729
52.3103
52.0489
51.7888
51.5301
51.2726
51.0164
50.7615
50.5079
50.2555
50.0044
49.7546
49.506
49.2587
49.0125
48.7677
48.524
48.2815
48.0403
47.8003
47.5614
47.3238
47.0874
46.8521
46.618
46.3851
46.1533
45.9227
45.6933
45.465
45.2378
45.0118
44.7869
44.5631
44.3404
44.1189
43.8985
43.6791
43.4609
43.2437
43.0277
42.8127
42.5988
42.3859
42.1742
41.9634
41.7538
41.5452
41.3376
41.131
40.9255
40.7211
40.5176
40.3152
40.1137
39.9133
39.7139
39.5154
39.318
39.1216
38.9261
38.7316
38.5381
38.3455
38.1539
37.9633
37.7736
37.5849
37.3971
37.2103
37.0243
36.8393
36.6553
36.4721
36.2899
36.1086
35.9282
35.7487
35.57
35.3923
35.2155
35.0395
34.8645
34.6903
34.5169
34.3445
34.1729
34.0021
33.8322
33.6632
33.495
33.3277
33.1611
32.9954
32.8306
32.6666
32.5033
32.3409
32.1794
32.0186
31.8586
31.6994
31.541
31.3834
31.2266
31.0706
30.9154
30.7609
30.6072
30.4543
30.3021
30.1507
30.0001
29.8502
29.701
29.5526
29.405
29.2581
29.1119
28.9664
28.8217
28.6777
28.5344
28.3918
28.25
28.1088
27.9684
27.8286
27.6896
27.5512
27.4136
27.2766
27.1403
27.0047
26.8698
26.7355
26.602
26.4691
26.3368
26.2052
26.0743
25.944
25.8144
25.6854
25.5571
25.4294
25.3023
25.1759
25.0501
24.9249
24.8004
24.6765
24.5532
24.4305
24.3085
24.187
24.0662
23.9459
23.8263
23.7072
23.5888
23.4709
23.3536
23.2369
23.1208
23.0053
22.8904
22.776
22.6622
22.549
22.4363
22.3242
22.2127
22.1017
