0.422636
0.422627
0.422618
0.422609
0.4226
0.422591
0.422581
0.422572
0.422563
0.422554
0.422545
0.422536
0.422527
0.422517
0.422508
0.422499
0.42249
0.422481
0.422472
0.422463
0.422453
0.422444
0.422435
0.422426
0.422417
0.422408
0.422399
0.422389
0.42238
0.422371
0.422362
0.422353
0.422344
0.422334
0.422325
0.422316
0.422307
0.422298
0.422289
0.42228
0.422271
0.422261
0.422252
0.422243
0.422234
0.422225
0.422216
0.422206
0.422197
0.422188
0.422179
0.42217
0.422161
0.422152
0.422142
0.422133
0.422124
0.422115
0.422106
0.422097
0.422088
0.422078
0.422069
0.42206
0.422051
0.422042
0.422033
0.422024
0.422015
0.422005
0.421996
0.421987
0.421978
0.421969
0.42196
0.421951
0.421941
0.421932
0.421923
0.421914
0.421905
0.421896
0.421887
0.421877
0.421868
0.421859
0.42185
0.421841
0.421832
0.421823
0.421814
0.421804
0.421795
0.421786
0.421777
0.421768
0.421759
0.42175
0.42174
0.421731
0.421722
0.421713
0.421704
0.421695
0.421686
0.421677
0.421667
0.421658
0.421649
0.42164
0.421631
0.421622
0.421613
0.421604
0.421594
0.421585
0.421576
0.421567
0.421558
0.421549
0.42154
0.42153
0.421521
0.421512
0.421503
0.421494
0.421485
0.421476
0.421467
0.421457
0.421448
0.421439
0.42143
0.421421
0.421412
0.421403
0.421394
0.421384
0.421375
0.421366
0.421357
0.421348
0.421339
0.42133
0.421321
0.421311
0.421302
0.421293
0.421284
0.421275
0.421266
0.421257
0.421248
0.421238
0.421229
0.42122
0.421211
0.421202
0.421193
0.421184
0.421175
0.421166
0.421156
0.421147
0.421138
0.421129
0.42112
0.421111
0.421102
0.421093
0.421083
0.421074
0.421065
0.421056
0.421047
0.421038
0.421029
0.42102
0.421011
0.421001
0.420992
0.420983
0.420974
0.420965
0.420956
0.420947
0.420938
0.420928
0.420919
0.42091
0.420901
0.420892
0.420883
0.420874
0.420865
0.420856
0.420846
0.420837
0.420828
0.420819
0.42081
0.420801
0.420792
0.420783
0.420774
0.420764
0.420755
0.420746
0.420737
0.420728
0.420719
0.42071
0.420701
0.420692
0.420682
0.420673
0.420664
0.420655
0.420646
0.420637
0.420628
0.420619
0.42061
0.420601
0.420591
0.420582
0.420573
0.420564
0.420555
0.420546
0.420537
0.420528
0.420519
0.420509
0.4205
0.420491
0.420482
0.420473
0.420464
0.420455
0.420446
0.420437
0.420427
0.420418
0.420409
0.4204
0.420391
0.420382
0.420373
0.420364
0.420355
0.420346
0.420336
0.420327
0.420318
0.420309
0.4203
0.420291
0.420282
0.420273
0.420264
0.420255
0.420245
0.420236
0.420227
0.420218
0.420209
0.4202
0.420191
0.420182
0.420173
0.420164
0.420154
0.420145
0.420136
0.420127
0.420118
0.420109
0.4201
0.420091
0.420082
0.420073
0.420063
0.420054
0.420045
0.420036
0.420027
0.420018
0.420009
0.42
0.419991
0.419982
0.419973
0.419963
0.419954
0.419945
0.419936
0.419927
0.419918
0.419909
0.4199
0.419891
0.419882
0.419873
0.419863
0.419854
0.419845
0.419836
0.419827
0.419818
0.419809
0.4198
0.419791
0.419782
0.419773
0.419763
0.419754
0.419745
0.419736
0.419727
0.419718
0.419709
0.4197
0.419691
0.419682
0.419673
0.419663
0.419654
0.419645
0.419636
0.419627
0.419618
0.419609
0.4196
0.419591
0.419582
0.419573
0.419564
0.419554
0.419545
0.419536
0.419527
0.419518
0.419509
0.4195
0.419491
0.419482
0.419473
0.419464
0.419454
0.419445
0.419436
0.419427
0.419418
0.419409
0.4194
0.419391
0.419382
0.419373
0.419364
0.419355
0.419345
0.419336
0.419327
