28.1178
47.7792
62.0893
72.504
80.0831
85.598
89.6105
92.5292
94.6517
96.1947
97.3158
98.1297
98.7202
99.1479
99.4572
99.6802
99.8405
99.9551
100.036
100.094
100.133
100.16
100.177
100.188
100.193
100.195
100.194
100.192
100.188
100.183
100.177
100.171
100.165
100.158
100.151
100.143
100.136
100.128
100.121
100.113
100.106
100.098
100.091
100.083
100.075
100.068
100.06
100.053
100.045
100.037
100.03
100.022
100.014
100.007
99.9991
99.9915
99.9839
99.9762
99.9686
99.9609
99.9533
99.9457
99.938
99.9304
99.9228
99.9151
99.9075
99.8999
99.8922
99.8846
99.877
99.8694
99.8617
99.8541
99.8465
99.8389
99.8312
99.8236
99.816
99.8084
99.8007
99.7931
99.7855
99.7779
99.7702
99.7626
99.755
99.7474
99.7398
99.7321
99.7245
99.7169
99.7093
99.7017
99.6941
99.6864
99.6788
99.6712
99.6636
99.656
99.6484
99.6408
99.6332
99.6255
99.6179
99.6103
99.6027
99.5951
99.5875
99.5799
99.5723
99.5647
99.5571
99.5495
99.5419
99.5343
99.5267
99.5191
99.5115
99.5039
99.4963
99.4887
99.4811
99.4735
99.4659
99.4583
99.4507
99.4431
99.4355
99.4279
99.4203
99.4127
99.4051
99.3975
99.3899
99.3823
99.3747
99.3671
99.3596
99.352
99.3444
99.3368
99.3292
99.3216
99.314
99.3064
99.2989
99.2913
99.2837
99.2761
99.2685
99.2609
99.2534
99.2458
99.2382
99.2306
99.223
99.2155
99.2079
99.2003
99.1927
99.1852
99.1776
99.17
99.1624
99.1549
99.1473
99.1397
99.1321
99.1246
99.117
99.1094
99.1018
99.0943
99.0867
99.0791
99.0716
99.064
99.0564
99.0489
99.0413
99.0337
99.0262
99.0186
99.011
99.0035
98.9959
98.9884
98.9808
98.9732
98.9657
98.9581
98.9506
98.943
98.9354
98.9279
98.9203
98.9128
98.9052
98.8977
98.8901
98.8826
98.875
98.8675
98.8599
98.8523
98.8448
98.8373
98.8297
98.8222
98.8146
98.8071
98.7995
98.792
98.7844
98.7769
98.7693
98.7618
98.7542
98.7467
98.7392
98.7316
98.7241
98.7165
98.709
98.7015
98.6939
98.6864
98.6788
98.6713
98.6638
98.6562
98.6487
98.6412
98.6336
98.6261
98.6186
98.611
98.6035
98.596
98.5884
98.5809
98.5734
98.5658
98.5583
98.5508
98.5433
98.5357
98.5282
98.5207
98.5132
98.5056
98.4981
98.4906
98.4831
98.4755
98.468
98.4605
98.453
98.4454
98.4379
98.4304
98.4229
98.4154
98.4079
98.4003
98.3928
98.3853
98.3778
98.3703
98.3628
98.3553
98.3477
98.3402
98.3327
98.3252
98.3177
98.3102
98.3027
98.2952
98.2877
98.2802
98.2727
98.2651
98.2576
98.2501
98.2426
98.2351
98.2276
98.2201
98.2126
98.2051
98.1976
98.1901
98.1826
98.1751
98.1676
98.1601
98.1526
98.1451
98.1376
98.1301
98.1226
98.1151
98.1076
98.1002
98.0927
98.0852
98.0777
98.0702
98.0627
98.0552
98.0477
98.0402
98.0327
98.0252
98.0178
98.0103
98.0028
97.9953
97.9878
97.9803
97.9728
97.9653
97.9579
97.9504
97.9429
97.9354
97.9279
97.9205
97.913
97.9055
97.898
97.8905
97.8831
97.8756
97.8681
97.8606
97.8532
97.8457
97.8382
97.8308
97.8233
97.8158
97.8083
97.8009
97.7934
97.7859
97.7785
97.771
97.7635
97.7561
97.7486
97.7411
97.7337
97.7262
97.7187
97.7113
97.7038
97.6963
97.6889
97.6814
97.674
97.6665
97.659
97.6516
97.6441
97.6367
97.6292
97.6217
97.6143
97.6068
97.5994
97.5919
97.5845
97.577
97.5696
97.5621
97.5547
97.5472
97.5397
97.5323
97.5249
97.5174
97.51
97.5025
97.4951
97.4876
97.4802
97.4727
97.4653
97.4578
97.4504
97.4429
97.4355
97.4281
97.4206
97.4132
97.4057
97.3983
97.3909
97.3834
97.376
97.3685
97.3611
97.3537
97.3462
97.3388
97.3314
97.3239
97.3165
97.3091
97.3016
97.2942
97.2868
97.2793
97.2719
97.2645
97.257
97.2496
97.2422
97.2348
97.2273
97.2199
97.2125
97.2051
97.1976
97.1902
97.1828
97.1754
97.1679
97.1605
97.1531
97.1457
97.1383
97.1308
97.1234
97.116
97.1086
97.1012
97.0937
97.0863
97.0789
97.0715
97.0641
97.0567
97.0493
97.0418
97.0344
97.027
97.0196
97.0122
97.0048
96.9974
96.99
96.9826
96.9751
96.9677
96.9603
96.9529
96.9455
96.9381
96.9307
96.9233
96.9159
96.9085
96.9011
96.8937
96.8863
96.8789
96.8715
96.8641
96.8567
96.8493
96.8419
96.8345
96.8271
96.8197
96.8123
96.8049
96.7975
96.7901
96.7828
96.7754
96.768
96.7606
96.7532
96.7458
96.7384
96.731
96.7236
96.7162
96.7088
96.7015
96.6941
96.6867
96.6793
96.6719
96.6645
96.6572
96.6498
96.6424
96.635
96.6276
96.6202
96.6129
96.6055
96.5981
96.5907
96.5834
96.576
96.5686
96.5612
96.5538
96.5465
96.5391
96.5317
96.5244
96.517
96.5096
96.5022
96.4949
96.4875
96.4801
96.4727
96.4654
96.458
96.4506
96.4433
96.4359
96.4285
96.4212
96.4138
96.4064
96.3991
96.3917
96.3844
96.377
96.3696
96.3623
96.3549
96.3476
96.3402
96.3328
96.3255
96.3181
96.3108
96.3034
96.2961
96.2887
96.2813
96.274
96.2666
96.2593
96.2519
96.2446
96.2372
96.2299
96.2225
96.2152
96.2078
96.2005
96.1931
96.1858
96.1784
96.1711
96.1637
96.1564
96.1491
96.1417
96.1344
96.127
96.1197
96.1123
96.105
96.0977
96.0903
96.083
96.0756
96.0683
96.061
96.0536
96.0463
96.0389
96.0316
96.0243
96.017
96.0096
96.0023
95.9949
95.9876
95.9803
95.973
95.9656
95.9583
95.951
95.9436
95.9363
95.929
95.9216
95.9143
95.907
95.8997
95.8924
95.885
95.8777
95.8704
95.863
95.8557
95.8484
95.8411
95.8338
95.8265
95.8191
95.8118
95.8045
95.7972
95.7899
95.7825
95.7752
95.7679
95.7606
95.7533
95.746
95.7387
95.7313
95.724
95.7167
95.7094
95.7021
95.6948
95.6875
95.6802
95.6729
95.6655
95.6582
95.6509
95.6436
95.6363
95.629
95.6217
95.6144
95.6071
95.5998
95.5925
95.5852
95.5779
95.5706
95.5633
95.556
95.5487
95.5414
95.5341
95.5268
95.5195
95.5122
95.5049
95.4976
95.4903
95.483
95.4757
95.4684
95.4612
95.4539
95.4466
95.4393
95.432
95.4247
95.4174
95.4101
95.4028
95.3956
95.3883
95.381
95.3737
95.3664
95.3591
95.3518
95.3446
95.3373
95.33
95.3227
95.3154
95.3082
95.3009
95.2936
95.2863
95.279
95.2718
95.2645
95.2572
95.2499
95.2427
95.2354
95.2281
95.2208
95.2136
95.2063
95.199
95.1917
95.1845
95.1772
95.1699
95.1627
95.1554
95.1481
95.1409
95.1336
95.1263
95.1191
95.1118
95.1045
95.0973
95.09
95.0827
95.0755
95.0682
95.061
95.0537
95.0464
95.0392
95.0319
95.0247
95.0174
95.0101
95.0029
94.9956
94.9884
94.9811
94.9739
94.9666
94.9594
94.9521
94.9448
94.9376
94.9303
94.9231
94.9158
94.9086
94.9013
94.8941
94.8868
94.8796
94.8723
94.8651
94.8579
94.8506
94.8434
94.8361
94.8289
94.8216
94.8144
94.8072
94.7999
94.7927
94.7854
94.7782
94.7709
94.7637
94.7565
94.7492
94.742
94.7348
94.7275
94.7203
94.7131
94.7058
94.6986
94.6914
94.6841
94.6769
94.6697
94.6624
94.6552
94.648
94.6407
94.6335
94.6263
94.619
94.6118
94.6046
94.5974
94.5901
94.5829
94.5757
94.5685
94.5612
94.554
94.5468
94.5396
94.5324
94.5251
94.5179
94.5107
94.5035
94.4963
94.489
94.4818
94.4746
94.4674
94.4602
94.453
94.4457
94.4385
94.4313
94.4241
94.4169
94.4097
94.4025
94.3953
94.388
94.3808
94.3736
94.3664
94.3592
94.352
94.3448
94.3376
94.3304
94.3232
94.316
94.3088
94.3016
94.2944
94.2872
94.28
94.2728
94.2656
94.2584
94.2512
94.244
94.2368
94.2296
94.2224
94.2152
94.208
94.2008
94.1936
94.1864
94.1792
94.172
94.1648
94.1576
94.1504
94.1432
94.1361
94.1288
94.1217
94.1145
94.1073
94.1001
94.0929
94.0857
94.0785
94.0714
94.0642
94.057
94.0498
94.0426
94.0354
94.0283
94.0211
94.0139
94.0067
93.9995
93.9923
93.9852
93.978
93.9708
93.9636
93.9565
93.9493
93.9421
93.9349
93.9277
93.9206
93.9134
93.9062
93.8991
93.8919
93.8847
93.8775
93.8704
93.8632
93.856
93.8489
93.8417
93.8345
93.8274
93.8202
93.813
93.8059
93.7987
93.7915
93.7844
93.7772
93.77
93.7629
93.7557
93.7486
93.7414
93.7342
93.7271
93.7199
93.7128
93.7056
93.6984
93.6913
93.6841
93.677
93.6698
93.6627
93.6555
93.6483
93.6412
93.634
93.6269
93.6197
93.6126
93.6054
93.5983
93.5911
93.584
93.5768
93.5697
93.5626
93.5554
93.5483
93.5411
93.534
93.5268
93.5197
93.5125
93.5054
93.4983
93.4911
93.484
93.4768
93.4697
93.4625
93.4554
93.4483
93.4411
93.434
93.4269
93.4197
93.4126
93.4055
93.3983
93.3912
93.3841
93.3769
93.3698
93.3627
93.3555
93.3484
93.3413
93.3341
93.327
93.3199
93.3127
93.3056
93.2985
93.2914
93.2842
93.2771
93.27
93.2629
93.2557
93.2486
93.2415
93.2344
93.2273
93.2201
93.213
93.2059
93.1988
93.1917
93.1845
93.1774
93.1703
93.1632
93.1561
93.149
93.1418
93.1347
93.1276
93.1205
93.1134
93.1063
93.0992
93.092
93.0849
93.0778
93.0707
93.0636
93.0565
93.0494
93.0423
93.0352
93.0281
93.021
93.0139
93.0068
92.9997
92.9926
92.9854
92.9783
92.9712
92.9641
92.957
92.9499
92.9428
92.9358
92.9286
92.9215
92.9145
92.9073
92.9003
92.8932
92.8861
92.879
92.8719
92.8648
92.8577
92.8506
92.8435
92.8364
92.8293
92.8222
92.8152
92.8081
92.801
92.7939
92.7868
92.7797
92.7726
92.7655
92.7584
92.7514
92.7443
92.7372
92.7301
92.723
92.7159
92.7089
92.7018
92.6947
92.6876
92.6805
92.6734
92.6664
92.6593
92.6522
92.6451
92.6381
92.631
92.6239
92.6168
92.6098
92.6027
92.5956
92.5885
92.5815
92.5744
92.5673
92.5603
92.5532
92.5461
92.5391
92.532
92.5249
92.5178
92.5108
92.5037
92.4967
92.4896
92.4825
92.4755
92.4684
92.4613
92.4543
92.4472
92.4402
92.4331
92.426
92.419
92.4119
92.4049
92.3978
92.3907
92.3837
92.3766
92.3696
92.3625
92.3555
92.3484
92.3414
92.3343
92.3272
92.3202
92.3131
92.3061
92.299
92.292
92.2849
92.2779
92.2708
92.2638
92.2567
92.2497
92.2426
92.2356
92.2286
92.2215
92.2145
92.2074
92.2004
92.1933
92.1863
92.1793
92.1722
92.1652
92.1581
92.1511
92.1441
92.137
92.13
92.123
92.1159
92.1089
92.1018
92.0948
92.0878
92.0807
92.0737
92.0667
92.0596
92.0526
92.0456
92.0386
92.0315
92.0245
92.0174
92.0104
92.0034
91.9964
91.9894
91.9823
91.9753
91.9683
91.9612
91.9542
91.9472
91.9402
91.9332
91.9261
91.9191
91.9121
91.9051
91.898
91.891
91.884
91.877
91.87
91.863
91.8559
91.8489
91.8419
91.8349
91.8279
91.8209
91.8139
91.8068
91.7998
91.7928
91.7858
91.7788
91.7718
91.7648
91.7578
91.7508
91.7438
91.7367
91.7297
91.7227
91.7157
91.7087
91.7017
91.6947
91.6877
91.6807
91.6737
91.6667
91.6597
91.6527
91.6457
91.6387
91.6317
91.6247
91.6177
91.6107
91.6037
91.5967
91.5897
91.5827
91.5757
91.5687
91.5617
91.5547
91.5477
91.5407
91.5338
91.5268
91.5198
91.5128
91.5058
91.4988
91.4918
91.4848
91.4778
91.4708
91.4639
91.4569
91.4499
91.4429
91.4359
91.4289
91.422
91.415
91.408
91.401
91.394
91.387
91.3801
91.3731
91.3661
91.3591
91.3521
91.3452
91.3382
91.3312
91.3242
91.3173
91.3103
91.3033
91.2963
91.2894
91.2824
91.2754
91.2684
91.2615
91.2545
91.2475
91.2406
91.2336
91.2266
91.2197
91.2127
91.2057
91.1988
91.1918
91.1848
91.1779
91.1709
91.1639
91.157
91.15
91.143
91.1361
91.1291
91.1222
91.1152
91.1082
91.1013
91.0943
91.0874
91.0804
91.0734
91.0665
91.0595
91.0526
91.0456
91.0387
91.0317
91.0248
91.0178
91.0109
91.0039
90.997
90.99
90.9831
90.9761
90.9692
90.9622
90.9553
90.9483
90.9414
90.9344
90.9275
90.9205
90.9136
90.9066
90.8997
90.8928
90.8858
90.8789
90.8719
90.865
90.858
90.8511
90.8442
90.8372
90.8303
90.8234
90.8164
90.8095
90.8025
90.7956
90.7887
90.7817
90.7748
90.7679
90.7609
90.754
90.7471
90.7401
90.7332
90.7263
90.7194
90.7124
90.7055
90.6986
90.6916
90.6847
90.6778
90.6709
90.6639
90.657
90.6501
90.6432
90.6362
90.6293
90.6224
90.6155
90.6086
90.6016
90.5947
90.5878
90.5809
90.574
90.567
90.5601
90.5532
90.5463
90.5394
90.5324
90.5255
90.5186
90.5117
90.5048
90.4979
90.491
90.4841
90.4771
90.4702
90.4633
90.4564
90.4495
90.4426
90.4357
90.4288
90.4219
90.415
90.4081
90.4011
90.3942
90.3873
90.3804
90.3735
90.3666
90.3597
90.3528
90.3459
90.339
90.3321
90.3252
90.3183
90.3114
90.3045
90.2976
90.2907
90.2838
90.2769
90.27
90.2631
90.2563
90.2494
90.2425
90.2356
90.2287
90.2218
90.2149
90.208
90.2011
90.1942
90.1873
90.1805
90.1736
90.1667
90.1598
90.1529
90.146
90.1391
90.1323
90.1254
90.1185
90.1116
90.1047
90.0978
90.091
90.0841
90.0772
90.0703
90.0634
90.0565
90.0497
90.0428
90.0359
90.029
90.0222
90.0153
90.0084
90.0015
89.9947
89.9878
89.9809
89.974
89.9672
89.9603
89.9534
89.9465
89.9397
89.9328
89.9259
89.9191
89.9122
89.9053
89.8985
89.8916
89.8847
89.8779
89.871
89.8641
89.8573
89.8504
89.8435
89.8367
89.8298
89.823
89.8161
89.8092
89.8024
89.7955
89.7887
89.7818
89.7749
89.7681
89.7612
89.7544
89.7475
89.7407
89.7338
89.727
89.7201
89.7132
89.7064
89.6996
89.6927
89.6858
89.679
89.6721
89.6653
89.6584
89.6516
89.6448
89.6379
89.6311
89.6242
89.6174
89.6105
89.6037
89.5968
89.59
89.5831
89.5763
89.5695
89.5626
89.5558
89.5489
89.5421
89.5353
89.5284
89.5216
89.5147
89.5079
89.5011
89.4942
89.4874
89.4806
89.4737
89.4669
89.4601
89.4532
89.4464
89.4396
89.4327
89.4259
89.4191
89.4122
89.4054
89.3986
89.3918
89.3849
89.3781
89.3713
89.3644
89.3576
89.3508
89.344
89.3372
89.3303
89.3235
89.3167
89.3099
89.303
89.2962
89.2894
89.2826
89.2757
89.2689
89.2621
89.2553
89.2485
89.2417
89.2348
89.228
89.2212
89.2144
89.2076
89.2008
89.194
89.1871
89.1803
89.1735
89.1667
89.1599
89.1531
89.1463
89.1395
89.1327
89.1259
89.119
89.1122
89.1054
89.0986
89.0918
89.085
89.0782
89.0714
89.0646
89.0578
89.051
89.0442
89.0374
89.0306
89.0238
89.017
89.0102
89.0034
88.9966
88.9898
88.983
88.9762
88.9694
88.9626
88.9558
88.949
88.9422
88.9354
88.9286
88.9219
88.9151
88.9083
88.9015
88.8947
88.8879
88.8811
88.8743
88.8675
88.8607
88.854
88.8472
88.8404
88.8336
88.8268
88.82
88.8132
88.8065
88.7997
88.7929
88.7861
88.7793
88.7725
88.7658
88.759
88.7522
88.7454
88.7386
88.7319
88.7251
88.7183
88.7115
88.7048
88.698
88.6912
88.6844
88.6777
88.6709
88.6641
88.6573
88.6506
88.6438
88.637
88.6303
88.6235
88.6167
88.6099
88.6032
88.5964
88.5896
88.5829
88.5761
88.5694
88.5626
88.5558
88.549
88.5423
88.5355
88.5288
88.522
88.5152
88.5085
88.5017
88.495
88.4882
88.4815
88.4747
88.4679
88.4612
88.4544
88.4477
88.4409
88.4341
88.4274
88.4206
88.4139
88.4071
88.4004
88.3936
88.3869
88.3801
88.3734
88.3666
88.3599
88.3531
88.3464
88.3396
88.3329
88.3261
88.3194
88.3126
88.3059
88.2991
88.2924
88.2857
88.2789
88.2722
88.2654
88.2587
88.2519
88.2452
88.2385
88.2317
88.225
88.2182
88.2115
88.2048
88.198
88.1913
88.1846
88.1778
88.1711
88.1644
88.1576
88.1509
88.1442
88.1374
88.1307
88.124
88.1172
88.1105
88.1038
88.097
88.0903
88.0836
88.0769
88.0701
88.0634
88.0567
88.0499
88.0432
88.0365
88.0298
88.023
88.0163
88.0096
88.0029
87.9962
87.9894
87.9827
87.976
87.9693
87.9626
87.9558
87.9491
87.9424
87.9357
87.929
87.9223
87.9155
87.9088
87.9021
87.8954
87.8887
87.882
87.8753
87.8685
87.8618
87.8551
87.8484
87.8417
87.835
87.8283
87.8216
87.8149
87.8082
87.8014
87.7947
87.788
87.7813
87.7746
87.7679
87.7612
87.7545
87.7478
87.7411
87.7344
87.7277
87.721
87.7143
87.7076
87.7009
87.6942
87.6875
87.6808
87.6741
87.6674
87.6607
87.654
87.6473
87.6406
87.6339
87.6272
87.6206
87.6139
87.6072
87.6005
87.5938
87.5871
87.5804
87.5737
87.567
87.5603
87.5536
87.547
87.5403
87.5336
87.5269
87.5202
87.5135
87.5068
87.5002
87.4935
87.4868
87.4801
87.4734
87.4668
87.4601
87.4534
87.4467
87.44
87.4333
87.4267
87.42
87.4133
87.4066
87.4
87.3933
87.3866
87.3799
87.3733
87.3666
87.3599
87.3532
87.3466
87.3399
87.3332
87.3266
87.3199
87.3132
87.3066
87.2999
87.2932
87.2866
87.2799
87.2732
87.2665
87.2599
87.2532
87.2466
87.2399
87.2332
87.2266
87.2199
87.2132
87.2066
87.1999
87.1933
87.1866
87.1799
87.1733
87.1666
87.16
87.1533
87.1466
87.14
87.1333
87.1267
87.12
87.1134
87.1067
87.1001
87.0934
87.0868
87.0801
87.0734
87.0668
87.0602
87.0535
87.0469
87.0402
87.0336
87.0269
87.0203
87.0136
87.007
87.0003
86.9937
86.987
86.9804
86.9737
86.9671
86.9605
86.9538
86.9472
86.9405
86.9339
86.9273
86.9206
86.914
86.9073
86.9007
86.8941
86.8874
86.8808
86.8741
86.8675
86.8609
86.8542
86.8476
86.841
86.8343
86.8277
86.8211
86.8144
86.8078
86.8012
86.7945
86.7879
86.7813
86.7747
86.768
86.7614
86.7548
86.7482
86.7415
86.7349
86.7283
86.7217
86.715
86.7084
86.7018
86.6952
86.6885
86.6819
86.6753
86.6687
86.6621
86.6554
86.6488
86.6422
86.6356
86.629
86.6224
86.6157
86.6091
86.6025
86.5959
86.5893
86.5827
86.576
86.5694
86.5628
86.5562
86.5496
86.543
86.5364
86.5298
86.5232
86.5165
86.5099
86.5033
86.4967
86.4901
86.4835
86.4769
86.4703
86.4637
86.4571
86.4505
86.4439
86.4373
86.4307
86.4241
86.4175
86.4109
86.4043
86.3977
86.3911
86.3845
86.3779
86.3713
86.3647
86.3581
86.3515
86.3449
86.3383
86.3317
86.3251
86.3185
86.3119
86.3053
86.2987
86.2922
86.2856
86.279
86.2724
86.2658
86.2592
86.2526
86.246
86.2394
86.2328
86.2263
86.2197
86.2131
86.2065
86.1999
86.1933
86.1868
86.1802
86.1736
86.167
86.1604
86.1538
86.1473
86.1407
86.1341
86.1275
86.1209
86.1144
86.1078
86.1012
86.0946
86.0881
86.0815
86.0749
86.0683
86.0618
86.0552
86.0486
86.042
86.0355
86.0289
86.0223
86.0158
86.0092
86.0026
85.996
85.9895
85.9829
85.9763
85.9698
85.9632
85.9566
85.9501
85.9435
85.9369
85.9304
85.9238
85.9173
85.9107
85.9041
85.8976
85.891
85.8844
85.8779
85.8713
85.8648
85.8582
85.8516
85.8451
85.8385
85.832
85.8254
85.8189
85.8123
85.8058
85.7992
85.7926
85.7861
85.7795
85.773
85.7664
85.7599
85.7533
85.7468
85.7402
85.7337
85.7271
85.7206
85.7141
85.7075
85.701
85.6944
85.6879
85.6813
85.6748
85.6682
85.6617
85.6551
85.6486
85.6421
85.6355
85.629
85.6224
85.6159
85.6094
85.6028
85.5963
85.5897
85.5832
85.5767
85.5701
85.5636
85.5571
85.5505
85.544
85.5375
85.5309
85.5244
85.5179
85.5113
85.5048
85.4983
85.4917
85.4852
85.4787
85.4721
85.4656
85.4591
85.4526
85.446
85.4395
85.433
85.4265
85.4199
85.4134
85.4069
85.4004
85.3938
85.3873
85.3808
85.3743
85.3677
85.3612
85.3547
85.3482
85.3417
85.3352
85.3286
85.3221
85.3156
85.3091
85.3026
85.296
85.2895
85.283
85.2765
85.27
85.2635
85.257
85.2505
85.2439
85.2374
85.2309
85.2244
85.2179
85.2114
85.2049
85.1984
85.1919
85.1854
85.1788
85.1723
85.1658
85.1593
85.1528
85.1463
85.1398
85.1333
85.1268
85.1203
85.1138
85.1073
85.1008
85.0943
85.0878
85.0813
85.0748
85.0683
85.0618
85.0553
85.0488
85.0423
85.0358
85.0293
85.0228
85.0163
85.0099
85.0034
84.9969
84.9904
84.9839
84.9774
84.9709
84.9644
84.9579
84.9514
84.9449
84.9385
84.932
84.9255
84.919
84.9125
84.906
84.8995
84.8931
84.8866
84.8801
84.8736
84.8671
84.8606
84.8542
84.8477
84.8412
84.8347
84.8282
84.8218
84.8153
84.8088
84.8023
84.7958
84.7894
84.7829
84.7764
84.7699
84.7635
84.757
84.7505
84.744
84.7376
84.7311
84.7246
84.7182
84.7117
84.7052
84.6987
84.6923
84.6858
84.6793
84.6729
84.6664
84.6599
84.6535
84.647
84.6405
84.6341
84.6276
84.6211
84.6147
84.6082
84.6018
84.5953
84.5888
84.5824
84.5759
84.5694
84.563
84.5565
84.5501
84.5436
84.5372
84.5307
84.5242
84.5178
84.5113
84.5049
84.4984
84.492
84.4855
84.4791
84.4726
84.4661
84.4597
84.4532
84.4468
84.4403
84.4339
84.4275
84.421
84.4146
84.4081
84.4016
84.3952
84.3888
84.3823
84.3759
84.3694
84.363
84.3565
84.3501
84.3437
84.3372
84.3308
84.3243
84.3179
84.3114
84.305
84.2986
84.2921
84.2857
84.2793
84.2728
84.2664
84.2599
84.2535
84.2471
84.2406
84.2342
84.2278
84.2213
84.2149
84.2085
84.202
84.1956
84.1892
84.1827
84.1763
84.1699
84.1635
84.157
84.1506
84.1442
84.1377
84.1313
84.1249
84.1185
84.112
84.1056
84.0992
84.0928
84.0863
84.0799
84.0735
84.0671
84.0607
84.0542
84.0478
84.0414
84.035
84.0286
84.0221
84.0157
84.0093
84.0029
83.9965
83.9901
83.9836
83.9772
83.9708
83.9644
83.958
83.9516
83.9452
83.9387
83.9323
83.9259
83.9195
83.9131
83.9067
83.9003
83.8939
83.8875
83.8811
83.8746
83.8682
83.8618
83.8554
83.849
83.8426
83.8362
83.8298
83.8234
83.817
83.8106
83.8042
83.7978
83.7914
83.785
83.7786
83.7722
83.7658
83.7594
83.753
83.7466
83.7402
83.7338
83.7274
83.721
83.7146
83.7082
83.7018
83.6955
83.6891
83.6827
83.6763
83.6699
83.6635
83.6571
83.6507
83.6443
83.6379
83.6315
83.6252
83.6188
83.6124
83.606
83.5996
83.5932
83.5868
83.5805
83.5741
83.5677
83.5613
83.5549
83.5485
83.5422
83.5358
83.5294
83.523
83.5166
83.5103
83.5039
83.4975
83.4911
83.4847
83.4784
83.472
83.4656
83.4592
83.4529
83.4465
83.4401
83.4337
83.4274
83.421
83.4146
83.4083
83.4019
83.3955
83.3891
83.3828
83.3764
83.37
83.3637
83.3573
83.3509
83.3446
83.3382
83.3318
83.3255
83.3191
83.3128
83.3064
83.3
83.2936
83.2873
83.2809
83.2746
83.2682
83.2619
83.2555
83.2491
83.2428
83.2364
83.2301
83.2237
83.2173
83.211
83.2046
83.1983
83.1919
83.1856
83.1792
83.1729
83.1665
83.1602
83.1538
83.1475
83.1411
83.1348
83.1284
83.122
83.1157
83.1094
83.103
83.0967
83.0903
83.084
83.0776
83.0713
83.0649
83.0586
83.0522
83.0459
83.0396
83.0332
83.0269
83.0205
83.0142
83.0078
83.0015
82.9952
82.9888
82.9825
82.9762
82.9698
82.9635
82.9571
82.9508
82.9445
82.9381
82.9318
82.9255
82.9191
82.9128
82.9065
82.9001
82.8938
82.8875
82.8811
82.8748
82.8685
82.8621
82.8558
82.8495
82.8432
82.8368
82.8305
82.8242
82.8178
82.8115
82.8052
82.7989
82.7925
82.7862
82.7799
82.7736
82.7673
82.7609
82.7546
82.7483
82.742
82.7356
82.7293
82.723
82.7167
82.7104
82.7041
82.6977
82.6914
82.6851
82.6788
82.6725
82.6662
82.6598
82.6535
82.6472
82.6409
82.6346
82.6283
82.622
82.6157
82.6094
82.603
82.5967
82.5904
82.5841
82.5778
82.5715
82.5652
82.5589
82.5526
82.5463
82.54
82.5337
82.5274
82.521
82.5147
82.5084
82.5021
82.4958
82.4895
82.4832
82.4769
82.4706
82.4643
82.458
82.4517
82.4454
82.4391
82.4329
82.4266
82.4203
82.414
82.4077
82.4014
82.3951
82.3888
82.3825
82.3762
82.3699
82.3636
82.3573
82.351
82.3447
82.3385
82.3322
82.3259
82.3196
82.3133
82.307
82.3007
82.2944
82.2881
82.2819
82.2756
82.2693
82.263
82.2567
82.2505
82.2442
82.2379
82.2316
82.2253
82.219
82.2128
82.2065
82.2002
82.1939
82.1877
82.1814
82.1751
82.1688
82.1625
82.1563
82.15
82.1437
82.1374
82.1312
82.1249
82.1186
82.1124
82.1061
82.0998
82.0935
82.0873
82.081
82.0747
82.0685
82.0622
82.0559
82.0496
82.0434
82.0371
82.0308
82.0246
82.0183
82.0121
82.0058
81.9995
81.9933
81.987
81.9807
81.9745
81.9682
81.962
81.9557
81.9494
81.9432
81.9369
81.9307
81.9244
81.9181
81.9119
81.9056
81.8994
81.8931
81.8869
81.8806
81.8744
81.8681
81.8619
81.8556
81.8493
81.8431
81.8368
81.8306
81.8243
81.8181
81.8118
81.8056
81.7993
81.7931
81.7868
81.7806
81.7744
81.7681
81.7619
81.7556
81.7494
81.7431
81.7369
81.7306
81.7244
81.7182
81.7119
81.7057
81.6994
81.6932
81.6869
81.6807
81.6745
81.6682
81.662
81.6558
81.6495
81.6433
81.637
81.6308
81.6246
81.6183
81.6121
81.6059
81.5996
81.5934
81.5872
81.5809
81.5747
81.5685
81.5622
81.556
81.5498
81.5436
81.5373
81.5311
81.5249
81.5187
81.5124
81.5062
81.5
81.4938
81.4875
81.4813
81.4751
81.4688
81.4626
81.4564
81.4502
81.444
81.4378
81.4315
81.4253
81.4191
81.4129
81.4066
81.4004
81.3942
81.388
81.3818
81.3756
81.3693
81.3631
81.3569
81.3507
81.3445
81.3383
81.3321
81.3259
81.3196
81.3134
81.3072
81.301
81.2948
81.2886
81.2824
81.2762
81.27
81.2637
81.2575
81.2513
81.2451
81.2389
81.2327
81.2265
81.2203
81.2141
81.2079
81.2017
81.1955
81.1893
81.1831
81.1769
81.1707
81.1645
81.1583
81.1521
81.1459
81.1397
81.1335
81.1273
81.1211
81.1149
81.1087
81.1025
81.0963
81.0901
81.0839
81.0778
81.0716
81.0654
81.0592
81.053
81.0468
81.0406
81.0344
81.0282
81.022
81.0158
81.0097
81.0035
80.9973
80.9911
80.9849
80.9787
80.9725
80.9663
80.9602
80.954
80.9478
80.9416
80.9354
80.9293
80.9231
80.9169
80.9107
80.9045
80.8983
80.8922
80.886
80.8798
80.8736
80.8675
80.8613
80.8551
80.8489
80.8428
80.8366
80.8304
80.8242
80.8181
80.8119
80.8057
80.7995
80.7934
80.7872
80.781
80.7748
80.7687
80.7625
80.7563
80.7502
80.744
80.7378
80.7317
80.7255
80.7193
80.7132
80.707
80.7008
80.6947
80.6885
80.6824
80.6762
80.67
80.6639
80.6577
80.6515
80.6454
80.6392
80.6331
80.6269
80.6208
80.6146
80.6084
80.6023
80.5961
80.59
80.5838
80.5777
80.5715
80.5654
80.5592
80.553
80.5469
80.5407
80.5346
80.5284
80.5223
80.5161
80.51
80.5038
80.4977
80.4915
80.4854
80.4792
80.4731
80.4669
80.4608
80.4547
80.4485
80.4424
80.4362
80.4301
80.4239
80.4178
80.4116
80.4055
80.3994
80.3932
80.3871
80.3809
80.3748
80.3687
80.3625
80.3564
80.3503
80.3441
80.338
80.3318
80.3257
80.3196
80.3134
80.3073
80.3012
80.295
80.2889
80.2828
80.2766
80.2705
80.2644
80.2582
80.2521
80.246
80.2398
80.2337
80.2276
80.2215
80.2153
80.2092
80.2031
80.197
80.1908
80.1847
80.1786
80.1724
80.1663
80.1602
80.1541
80.148
80.1418
80.1357
80.1296
80.1235
80.1174
80.1112
80.1051
80.099
80.0929
80.0868
80.0807
80.0745
80.0684
80.0623
80.0562
80.0501
80.0439
80.0378
80.0317
80.0256
80.0195
80.0134
80.0073
80.0012
79.9951
79.9889
79.9828
79.9767
79.9706
79.9645
79.9584
79.9523
79.9462
79.9401
79.934
79.9279
79.9218
79.9157
79.9096
79.9035
79.8973
79.8912
79.8851
79.879
79.8729
79.8668
79.8607
79.8546
79.8485
79.8424
79.8363
79.8302
79.8241
79.818
79.812
79.8059
79.7998
79.7937
79.7876
79.7815
79.7754
79.7693
79.7632
79.7571
79.751
79.7449
79.7388
79.7327
79.7266
79.7206
79.7145
79.7084
79.7023
79.6962
79.6901
79.684
79.6779
79.6719
79.6658
79.6597
79.6536
79.6475
79.6414
79.6354
79.6293
79.6232
79.6171
79.611
79.6049
79.5989
79.5928
79.5867
79.5806
79.5745
79.5685
79.5624
79.5563
79.5502
79.5442
79.5381
79.532
79.5259
79.5199
79.5138
79.5077
79.5016
79.4956
79.4895
79.4834
79.4774
79.4713
79.4652
79.4591
79.4531
79.447
79.4409
79.4349
79.4288
79.4227
79.4167
79.4106
79.4045
79.3985
79.3924
79.3863
79.3803
79.3742
79.3681
79.3621
79.356
79.35
79.3439
79.3379
79.3318
79.3257
79.3197
79.3136
79.3075
79.3015
79.2954
79.2894
79.2833
79.2773
79.2712
79.2652
79.2591
79.253
79.247
79.2409
79.2349
79.2288
79.2228
79.2167
79.2107
79.2046
79.1986
79.1925
79.1865
79.1804
79.1744
79.1683
79.1623
79.1562
79.1502
79.1441
79.1381
79.1321
79.126
79.12
79.1139
79.1079
79.1018
79.0958
79.0898
79.0837
79.0777
79.0716
79.0656
79.0596
79.0535
79.0475
79.0415
79.0354
79.0294
79.0233
79.0173
79.0113
79.0052
78.9992
78.9932
78.9871
78.9811
78.9751
78.969
78.963
78.957
78.9509
78.9449
78.9389
78.9329
78.9268
78.9208
78.9148
78.9087
78.9027
78.8967
78.8907
78.8846
78.8786
78.8726
78.8666
78.8605
78.8545
78.8485
78.8425
78.8364
78.8304
78.8244
78.8184
78.8124
78.8063
78.8003
78.7943
78.7883
78.7823
78.7762
78.7702
78.7642
78.7582
78.7522
78.7462
78.7402
78.7341
78.7281
78.7221
78.7161
78.7101
78.7041
78.6981
78.692
78.686
78.68
78.674
78.668
78.662
78.656
78.65
78.644
78.638
78.632
78.626
78.6199
78.6139
78.6079
78.6019
78.5959
78.5899
78.5839
78.5779
78.5719
78.5659
78.5599
78.5539
78.5479
78.5419
78.5359
78.5299
78.5239
78.5179
78.5119
78.5059
78.4999
78.4939
78.4879
78.4819
78.476
78.47
78.464
78.458
78.452
78.446
78.44
78.434
78.428
78.422
78.416
78.41
78.404
78.3981
78.3921
78.3861
78.3801
78.3741
78.3681
78.3621
78.3562
78.3502
78.3442
78.3382
78.3322
78.3262
78.3203
78.3143
78.3083
78.3023
78.2963
78.2903
78.2844
78.2784
78.2724
78.2664
78.2604
78.2545
78.2485
78.2425
78.2365
78.2306
78.2246
78.2186
78.2126
78.2067
78.2007
78.1947
78.1887
78.1828
78.1768
78.1708
78.1649
78.1589
78.1529
78.1469
78.141
78.135
78.129
78.1231
78.1171
78.1111
78.1052
78.0992
78.0932
78.0873
78.0813
78.0754
78.0694
78.0634
78.0575
78.0515
78.0455
78.0396
78.0336
78.0277
78.0217
78.0157
78.0098
78.0038
77.9979
77.9919
77.9859
77.98
77.974
77.9681
77.9621
77.9562
77.9502
77.9443
77.9383
77.9324
77.9264
77.9204
77.9145
77.9085
77.9026
77.8966
77.8907
77.8847
77.8788
77.8728
77.8669
77.861
77.855
77.8491
77.8431
77.8372
77.8312
77.8253
77.8193
77.8134
77.8074
77.8015
77.7956
77.7896
77.7837
77.7777
77.7718
77.7659
77.7599
77.754
77.748
77.7421
77.7362
77.7302
77.7243
77.7183
77.7124
77.7065
77.7005
77.6946
77.6887
77.6827
77.6768
77.6709
77.6649
77.659
77.6531
77.6471
77.6412
77.6353
77.6293
77.6234
77.6175
77.6116
77.6056
77.5997
77.5938
77.5879
77.5819
77.576
77.5701
77.5641
77.5582
77.5523
77.5464
77.5405
77.5345
77.5286
77.5227
77.5168
77.5108
77.5049
77.499
77.4931
77.4872
77.4812
77.4753
77.4694
77.4635
77.4576
77.4517
77.4457
77.4398
77.4339
77.428
77.4221
77.4162
77.4103
77.4043
77.3984
77.3925
77.3866
77.3807
77.3748
77.3689
77.363
77.3571
77.3511
77.3452
77.3393
77.3334
77.3275
77.3216
77.3157
77.3098
77.3039
77.298
77.2921
77.2862
77.2803
77.2744
77.2685
77.2626
77.2567
77.2508
77.2449
77.239
77.2331
77.2272
77.2213
77.2154
77.2095
77.2036
77.1977
77.1918
77.1859
77.18
77.1741
77.1682
77.1623
77.1564
77.1505
77.1446
77.1387
77.1329
77.127
77.1211
77.1152
77.1093
77.1034
77.0975
77.0916
77.0857
77.0798
77.074
77.0681
77.0622
77.0563
77.0504
77.0445
77.0386
77.0327
77.0269
77.021
77.0151
77.0092
77.0033
76.9975
76.9916
76.9857
76.9798
76.9739
76.9681
76.9622
76.9563
76.9504
76.9445
76.9387
76.9328
76.9269
76.921
76.9152
76.9093
76.9034
76.8975
76.8917
76.8858
76.8799
76.874
76.8682
76.8623
76.8564
76.8506
76.8447
76.8388
76.8329
76.8271
76.8212
76.8153
76.8095
76.8036
76.7977
76.7919
76.786
76.7801
76.7743
76.7684
76.7626
76.7567
76.7508
76.745
76.7391
76.7332
76.7274
76.7215
76.7157
76.7098
76.7039
76.6981
76.6922
76.6864
76.6805
76.6747
76.6688
76.6629
76.6571
76.6512
76.6454
76.6395
76.6337
76.6278
76.622
76.6161
76.6103
76.6044
76.5986
76.5927
76.5869
76.581
76.5751
76.5693
76.5634
76.5576
76.5518
76.5459
76.5401
76.5342
76.5284
76.5225
76.5167
76.5108
76.505
76.4991
76.4933
76.4875
76.4816
76.4758
76.4699
76.4641
76.4583
76.4524
76.4466
76.4407
76.4349
76.4291
76.4232
76.4174
76.4115
76.4057
76.3999
76.394
76.3882
76.3824
76.3765
76.3707
76.3649
76.359
76.3532
76.3474
76.3415
76.3357
76.3299
76.324
76.3182
76.3124
76.3066
76.3007
76.2949
76.2891
76.2832
76.2774
76.2716
76.2658
76.2599
76.2541
76.2483
76.2425
76.2366
76.2308
76.225
76.2192
76.2134
76.2075
76.2017
76.1959
76.1901
76.1843
76.1784
76.1726
76.1668
76.161
76.1552
76.1493
76.1435
76.1377
76.1319
76.1261
76.1203
76.1145
76.1086
76.1028
76.097
76.0912
76.0854
76.0796
76.0738
76.068
76.0622
76.0563
76.0505
76.0447
76.0389
76.0331
76.0273
76.0215
76.0157
76.0099
76.0041
75.9983
75.9925
75.9867
75.9809
75.9751
75.9692
75.9634
75.9576
75.9518
75.946
75.9402
75.9344
75.9286
75.9228
75.917
75.9112
75.9054
75.8996
75.8938
75.888
75.8822
75.8765
75.8707
75.8649
75.8591
75.8533
75.8475
75.8417
75.8359
75.8301
75.8243
75.8185
75.8127
75.8069
75.8011
75.7954
75.7896
75.7838
75.778
75.7722
75.7664
75.7606
75.7548
75.7491
75.7433
75.7375
75.7317
75.7259
75.7201
75.7143
75.7086
75.7028
75.697
75.6912
75.6854
75.6797
75.6739
75.6681
75.6623
75.6565
75.6507
75.645
75.6392
75.6334
75.6276
75.6219
75.6161
75.6103
75.6045
75.5988
75.593
75.5872
75.5814
75.5757
75.5699
75.5641
75.5583
75.5526
75.5468
75.541
75.5353
75.5295
75.5237
75.518
75.5122
75.5064
75.5007
75.4949
75.4891
75.4834
75.4776
75.4718
75.4661
75.4603
75.4545
75.4488
75.443
75.4372
75.4315
75.4257
75.42
75.4142
75.4084
75.4027
75.3969
75.3912
75.3854
75.3796
75.3739
75.3681
75.3624
75.3566
75.3509
75.3451
75.3394
75.3336
75.3278
75.3221
75.3163
75.3106
75.3048
75.2991
75.2933
75.2876
75.2818
75.2761
75.2703
75.2646
75.2588
75.2531
75.2473
75.2416
75.2358
75.2301
75.2243
75.2186
75.2129
75.2071
75.2014
75.1956
75.1899
75.1841
75.1784
75.1727
75.1669
75.1612
75.1554
75.1497
75.1439
75.1382
75.1325
75.1267
75.121
75.1152
75.1095
75.1038
75.098
75.0923
75.0866
75.0808
75.0751
75.0694
75.0636
75.0579
75.0522
75.0464
75.0407
75.035
75.0292
75.0235
75.0178
75.012
75.0063
75.0006
74.9949
74.9891
74.9834
74.9777
74.9719
74.9662
74.9605
74.9548
74.949
74.9433
74.9376
74.9319
74.9261
74.9204
74.9147
74.909
74.9033
74.8975
74.8918
74.8861
74.8804
74.8747
74.8689
74.8632
74.8575
74.8518
74.8461
74.8404
74.8346
74.8289
74.8232
74.8175
74.8118
74.8061
74.8003
74.7946
74.7889
74.7832
74.7775
74.7718
74.7661
74.7604
74.7547
74.7489
74.7432
74.7375
74.7318
74.7261
74.7204
74.7147
74.709
74.7033
74.6976
74.6919
74.6861
74.6805
74.6748
74.669
74.6633
74.6576
74.6519
74.6462
74.6405
74.6348
74.6291
74.6234
74.6177
74.612
74.6063
74.6006
74.5949
74.5892
74.5835
74.5778
74.5721
74.5665
74.5608
74.5551
74.5494
74.5437
74.538
74.5323
74.5266
74.5209
74.5152
74.5095
74.5038
74.4981
74.4924
74.4868
74.4811
74.4754
74.4697
74.464
74.4583
74.4526
74.4469
74.4412
74.4356
74.4299
74.4242
74.4185
74.4128
74.4071
74.4015
74.3958
74.3901
74.3844
74.3787
74.3731
74.3674
74.3617
74.356
74.3503
74.3447
74.339
74.3333
74.3276
74.3219
74.3163
74.3106
74.3049
74.2992
74.2936
74.2879
74.2822
74.2765
74.2709
74.2652
74.2595
74.2538
74.2482
74.2425
74.2368
74.2312
74.2255
74.2198
74.2141
74.2085
74.2028
74.1971
74.1915
74.1858
74.1801
74.1745
74.1688
74.1631
74.1575
74.1518
74.1461
74.1405
74.1348
74.1292
74.1235
74.1178
74.1122
74.1065
74.1009
74.0952
74.0895
74.0839
74.0782
74.0726
74.0669
74.0612
74.0556
74.0499
74.0443
74.0386
74.033
74.0273
74.0217
74.016
74.0104
74.0047
73.999
73.9934
73.9877
73.9821
73.9764
73.9708
73.9651
73.9595
73.9538
73.9482
73.9426
73.9369
73.9312
73.9256
73.9199
73.9143
73.9087
73.903
73.8974
73.8917
73.8861
73.8804
73.8748
73.8692
73.8635
73.8579
73.8522
73.8466
73.8409
73.8353
73.8297
73.824
73.8184
73.8128
73.8071
73.8015
73.7958
73.7902
73.7846
73.7789
73.7733
73.7677
73.762
73.7564
73.7508
73.7451
73.7395
73.7339
73.7282
73.7226
73.717
73.7113
73.7057
73.7001
73.6944
73.6888
73.6832
73.6776
73.6719
73.6663
73.6607
73.6551
73.6494
73.6438
73.6382
73.6326
73.6269
73.6213
73.6157
73.6101
73.6044
73.5988
73.5932
73.5876
73.5819
73.5763
73.5707
73.5651
73.5595
73.5538
73.5482
73.5426
73.537
73.5314
73.5258
73.5202
73.5145
73.5089
73.5033
73.4977
73.4921
73.4865
73.4809
73.4752
73.4696
73.464
73.4584
73.4528
73.4472
73.4416
73.436
73.4303
73.4247
73.4191
73.4135
73.4079
73.4023
73.3967
73.3911
73.3855
73.3799
73.3743
73.3687
73.3631
73.3575
73.3519
73.3463
73.3407
73.3351
73.3295
73.3239
73.3183
73.3127
73.3071
73.3015
73.2959
73.2903
73.2847
73.2791
73.2735
73.2679
73.2623
73.2567
73.2511
73.2455
73.2399
73.2343
73.2287
73.2231
73.2175
73.2119
73.2063
73.2007
73.1952
73.1896
73.184
73.1784
73.1728
73.1672
73.1616
73.156
73.1504
73.1448
73.1393
73.1337
73.1281
73.1225
73.1169
73.1113
73.1057
73.1002
73.0946
73.089
73.0834
73.0778
73.0723
73.0667
73.0611
73.0555
73.0499
73.0443
73.0388
73.0332
73.0276
73.022
73.0165
73.0109
73.0053
72.9997
72.9941
72.9886
72.983
72.9774
72.9719
72.9663
72.9607
72.9551
72.9496
72.944
72.9384
72.9328
72.9273
72.9217
72.9161
72.9106
72.905
72.8994
72.8939
72.8883
72.8827
72.8772
72.8716
72.866
72.8605
72.8549
72.8493
72.8438
72.8382
72.8326
72.8271
72.8215
72.8159
72.8104
72.8048
72.7993
72.7937
72.7881
72.7826
72.777
72.7715
72.7659
72.7603
72.7548
72.7492
72.7437
72.7381
72.7326
72.727
72.7215
72.7159
72.7104
72.7048
72.6992
72.6937
72.6881
72.6826
72.677
72.6715
72.6659
72.6604
72.6548
72.6493
72.6437
72.6382
72.6326
72.6271
72.6215
72.616
72.6104
72.6049
72.5994
72.5938
72.5883
72.5827
72.5772
72.5716
72.5661
72.5605
72.555
72.5495
72.5439
72.5384
72.5328
72.5273
72.5218
72.5162
72.5107
72.5051
72.4996
72.4941
72.4885
72.483
72.4774
72.4719
72.4664
72.4608
72.4553
72.4498
72.4442
72.4387
72.4332
72.4276
72.4221
72.4166
72.411
72.4055
72.4
72.3945
72.3889
72.3834
72.3779
72.3723
72.3668
72.3613
72.3558
72.3502
72.3447
72.3392
72.3337
72.3281
72.3226
72.3171
72.3116
72.306
72.3005
72.295
72.2895
72.2839
72.2784
72.2729
72.2674
72.2619
72.2563
72.2508
72.2453
72.2398
72.2343
72.2287
72.2232
72.2177
72.2122
72.2067
72.2012
72.1957
72.1901
72.1846
72.1791
72.1736
72.1681
72.1626
72.1571
72.1516
72.146
72.1405
72.135
72.1295
72.124
72.1185
72.113
72.1075
72.102
72.0965
72.091
72.0854
72.0799
72.0744
72.0689
72.0634
72.0579
72.0524
72.0469
72.0414
72.0359
72.0304
72.0249
72.0194
72.0139
72.0084
72.0029
71.9974
71.9919
71.9864
71.9809
71.9754
71.9699
71.9644
71.9589
71.9534
71.9479
71.9424
71.9369
71.9314
71.9259
71.9205
71.915
71.9095
71.904
71.8985
71.893
71.8875
71.882
71.8765
71.871
71.8655
71.86
71.8546
71.8491
71.8436
71.8381
71.8326
71.8271
71.8216
71.8161
71.8107
71.8052
71.7997
71.7942
71.7887
71.7832
71.7778
71.7723
71.7668
71.7613
71.7558
71.7503
71.7449
71.7394
71.7339
71.7284
71.7229
71.7175
71.712
71.7065
71.701
71.6956
71.6901
71.6846
71.6791
71.6737
71.6682
71.6627
71.6572
71.6518
71.6463
71.6408
71.6353
71.6299
71.6244
71.6189
71.6135
71.608
71.6025
71.5971
71.5916
71.5861
71.5807
71.5752
71.5697
71.5642
71.5588
71.5533
71.5478
71.5424
71.5369
71.5315
71.526
71.5205
71.5151
71.5096
71.5041
71.4987
71.4932
71.4878
71.4823
71.4768
71.4714
71.4659
71.4605
71.455
71.4495
71.4441
71.4386
71.4332
71.4277
71.4223
71.4168
71.4114
71.4059
71.4004
71.395
71.3895
71.3841
71.3786
71.3732
71.3677
71.3623
71.3568
71.3514
71.3459
71.3405
71.335
71.3296
71.3241
71.3187
71.3132
71.3078
71.3023
71.2969
71.2915
71.286
71.2806
71.2751
71.2697
71.2642
71.2588
71.2533
71.2479
71.2425
71.237
71.2316
71.2261
71.2207
71.2152
71.2098
71.2044
71.1989
71.1935
71.1881
71.1826
71.1772
71.1718
71.1663
71.1609
71.1554
71.15
71.1446
71.1391
71.1337
71.1283
71.1228
71.1174
71.112
71.1065
71.1011
71.0957
71.0902
71.0848
71.0794
71.074
71.0685
71.0631
71.0577
71.0523
71.0468
71.0414
71.036
71.0305
71.0251
71.0197
71.0143
71.0088
71.0034
70.998
70.9926
70.9871
70.9817
70.9763
70.9709
70.9655
70.96
70.9546
70.9492
70.9438
70.9384
70.9329
70.9275
70.9221
70.9167
70.9113
70.9058
70.9004
70.895
70.8896
70.8842
70.8788
70.8734
70.868
70.8625
70.8571
70.8517
70.8463
70.8409
70.8355
70.8301
70.8247
70.8193
70.8139
70.8084
70.803
70.7976
70.7922
70.7868
70.7814
70.776
70.7706
70.7652
70.7598
70.7544
70.749
70.7436
70.7382
70.7328
70.7273
70.7219
70.7165
70.7111
70.7057
70.7003
70.6949
70.6895
70.6841
70.6787
70.6733
70.6679
70.6626
70.6572
70.6518
70.6464
70.641
70.6356
70.6302
70.6248
70.6194
70.614
70.6086
70.6032
70.5978
70.5924
70.587
70.5816
70.5762
70.5708
70.5655
70.5601
70.5547
70.5493
70.5439
70.5385
70.5331
70.5277
70.5223
70.517
70.5116
70.5062
70.5008
70.4954
70.49
70.4847
70.4793
70.4739
70.4685
70.4631
70.4577
70.4524
70.447
70.4416
70.4362
70.4308
70.4255
70.4201
70.4147
70.4093
70.4039
70.3986
70.3932
70.3878
70.3824
70.3771
70.3717
70.3663
70.3609
70.3556
70.3502
70.3448
70.3394
70.3341
70.3287
70.3233
70.3179
70.3126
70.3072
70.3018
70.2965
70.2911
70.2857
70.2804
70.275
70.2696
70.2643
70.2589
70.2535
70.2482
70.2428
70.2374
70.2321
70.2267
70.2213
70.216
70.2106
70.2052
70.1999
70.1945
70.1892
70.1838
70.1784
70.1731
70.1677
70.1624
70.157
70.1516
70.1463
70.1409
70.1356
70.1302
70.1249
70.1195
70.1141
70.1088
70.1034
70.0981
70.0927
70.0874
70.082
70.0767
70.0713
70.066
70.0606
70.0553
70.0499
70.0445
70.0392
70.0339
70.0285
70.0231
70.0178
70.0125
70.0071
70.0018
69.9964
69.9911
69.9857
69.9804
69.975
69.9697
69.9643
69.959
69.9536
69.9483
69.943
69.9376
69.9323
69.9269
69.9216
69.9163
69.9109
69.9056
69.9002
69.8949
69.8896
69.8842
69.8789
69.8736
69.8682
69.8629
69.8575
69.8522
69.8469
69.8415
69.8362
69.8309
69.8255
69.8202
69.8149
69.8095
69.8042
69.7989
69.7935
69.7882
69.7829
69.7775
69.7722
69.7669
69.7616
69.7562
69.7509
69.7456
69.7402
69.7349
69.7296
69.7243
69.7189
69.7136
69.7083
69.703
69.6976
69.6923
69.687
69.6817
69.6763
69.671
69.6657
69.6604
69.6551
69.6497
69.6444
69.6391
69.6338
69.6285
69.6231
69.6178
69.6125
69.6072
69.6019
69.5966
69.5912
69.5859
69.5806
69.5753
69.57
69.5647
69.5594
69.554
69.5487
69.5434
69.5381
69.5328
69.5275
69.5222
69.5169
69.5116
69.5062
69.5009
69.4956
69.4903
69.485
69.4797
69.4744
69.4691
69.4638
69.4585
69.4532
69.4479
69.4426
69.4373
69.432
69.4267
69.4213
69.416
69.4107
69.4054
69.4001
69.3948
69.3895
69.3842
69.3789
69.3736
69.3683
69.363
69.3577
69.3524
69.3472
69.3419
69.3366
69.3313
69.326
69.3207
69.3154
69.3101
69.3048
69.2995
69.2942
69.2889
69.2836
69.2783
69.273
69.2677
69.2624
69.2572
69.2519
69.2466
69.2413
69.236
69.2307
69.2254
69.2201
69.2149
69.2096
69.2043
69.199
69.1937
69.1884
69.1831
69.1778
69.1726
69.1673
69.162
69.1567
69.1514
69.1462
69.1409
69.1356
69.1303
69.125
69.1198
69.1145
69.1092
69.1039
69.0986
69.0934
69.0881
69.0828
69.0775
69.0723
69.067
69.0617
69.0564
69.0511
69.0459
69.0406
69.0353
69.03
69.0248
69.0195
69.0142
69.009
69.0037
68.9984
68.9931
68.9879
68.9826
68.9773
68.9721
68.9668
68.9615
68.9563
68.951
68.9457
68.9405
68.9352
68.9299
68.9247
68.9194
68.9141
68.9089
68.9036
68.8984
68.8931
68.8878
68.8826
68.8773
68.872
68.8668
68.8615
68.8563
68.851
68.8457
68.8405
68.8352
68.83
68.8247
68.8195
68.8142
68.8089
68.8037
68.7984
68.7932
68.7879
68.7827
68.7774
68.7722
68.7669
68.7617
68.7564
68.7512
68.7459
68.7407
68.7354
68.7302
68.7249
68.7197
68.7144
68.7092
68.7039
68.6987
68.6934
68.6882
68.6829
68.6777
68.6724
68.6672
68.6619
68.6567
68.6515
68.6462
68.641
68.6357
68.6305
68.6252
68.62
68.6148
68.6095
68.6043
68.599
68.5938
68.5886
68.5833
68.5781
68.5728
68.5676
68.5624
68.5571
68.5519
68.5466
68.5414
68.5362
68.5309
68.5257
68.5205
68.5152
68.51
68.5048
68.4995
68.4943
68.4891
68.4838
68.4786
68.4734
68.4682
68.4629
68.4577
68.4525
68.4472
68.442
68.4368
68.4315
68.4263
68.4211
68.4159
68.4107
68.4054
68.4002
68.395
68.3898
68.3845
68.3793
68.3741
68.3689
68.3636
68.3584
68.3532
68.348
68.3428
68.3375
68.3323
68.3271
68.3219
68.3167
68.3114
68.3062
68.301
68.2958
68.2906
68.2853
68.2801
68.2749
68.2697
68.2645
68.2593
68.2541
68.2489
68.2436
68.2384
68.2332
68.228
68.2228
68.2176
68.2124
68.2072
68.202
68.1967
68.1915
68.1863
68.1811
68.1759
68.1707
68.1655
68.1603
68.1551
68.1499
68.1447
68.1395
68.1343
68.1291
68.1238
68.1186
68.1134
68.1082
68.103
68.0978
68.0926
68.0874
68.0822
68.077
68.0718
68.0666
68.0614
68.0562
68.051
68.0458
68.0406
68.0354
68.0302
68.0251
68.0199
68.0147
68.0095
68.0043
67.9991
67.9939
67.9887
67.9835
67.9783
67.9731
67.9679
67.9627
67.9575
67.9523
67.9472
67.942
67.9368
67.9316
67.9264
67.9212
67.916
67.9108
67.9056
67.9005
67.8953
67.8901
67.8849
67.8797
67.8745
67.8693
67.8642
67.859
67.8538
67.8486
67.8434
67.8382
67.8331
67.8279
67.8227
67.8175
67.8123
67.8072
67.802
67.7968
67.7916
67.7865
67.7813
67.7761
67.7709
67.7657
67.7606
67.7554
67.7502
67.745
67.7399
67.7347
67.7295
67.7243
67.7192
67.714
67.7088
67.7037
67.6985
67.6933
67.6881
67.683
67.6778
67.6726
67.6675
67.6623
67.6571
67.652
67.6468
67.6416
67.6365
67.6313
67.6261
67.621
67.6158
67.6106
67.6055
67.6003
67.5951
67.59
67.5848
67.5797
67.5745
67.5693
67.5642
67.559
67.5538
67.5487
67.5435
67.5384
67.5332
67.5281
67.5229
67.5177
67.5126
67.5074
67.5023
67.4971
67.492
67.4868
67.4816
67.4765
67.4713
67.4662
67.461
67.4559
67.4507
67.4456
67.4404
67.4353
67.4301
67.425
67.4198
67.4147
67.4095
67.4044
67.3992
67.3941
67.3889
67.3838
67.3786
67.3735
67.3683
67.3632
67.358
67.3529
67.3478
67.3426
67.3375
67.3323
67.3272
67.322
67.3169
67.3118
67.3066
67.3015
67.2963
67.2912
67.2861
67.2809
67.2758
67.2706
67.2655
67.2604
67.2552
67.2501
67.245
67.2398
67.2347
67.2295
67.2244
67.2193
67.2141
67.209
67.2039
67.1987
67.1936
67.1885
67.1833
67.1782
67.1731
67.1679
67.1628
67.1577
67.1526
67.1474
67.1423
67.1372
67.132
67.1269
67.1218
67.1167
67.1115
67.1064
67.1013
67.0962
67.091
67.0859
67.0808
67.0757
67.0705
67.0654
67.0603
67.0552
67.05
67.0449
67.0398
67.0347
67.0296
67.0244
67.0193
67.0142
67.0091
67.004
66.9988
66.9937
66.9886
66.9835
66.9784
66.9733
66.9681
66.963
66.9579
66.9528
66.9477
66.9426
66.9375
66.9324
66.9272
66.9221
66.917
66.9119
66.9068
66.9017
66.8966
66.8915
66.8864
66.8812
66.8761
66.871
66.8659
66.8608
66.8557
66.8506
66.8455
66.8404
66.8353
66.8302
66.8251
66.82
66.8149
66.8098
66.8047
66.7996
66.7944
66.7894
66.7842
66.7791
66.774
66.7689
66.7638
66.7588
66.7536
66.7486
66.7435
66.7383
66.7333
66.7282
66.7231
66.718
66.7129
66.7078
66.7027
66.6976
66.6925
66.6874
66.6823
66.6772
66.6721
66.667
66.6619
66.6568
66.6517
66.6467
66.6416
66.6365
66.6314
66.6263
66.6212
66.6161
66.611
66.6059
66.6009
66.5958
66.5907
66.5856
66.5805
66.5754
66.5703
66.5653
66.5602
66.5551
66.55
66.5449
66.5398
66.5348
66.5297
66.5246
66.5195
66.5144
66.5094
66.5043
66.4992
66.4941
66.489
66.4839
66.4789
66.4738
66.4687
66.4636
66.4586
66.4535
66.4484
66.4433
66.4383
66.4332
66.4281
66.423
66.418
66.4129
66.4078
66.4027
66.3977
66.3926
66.3875
66.3825
66.3774
66.3723
66.3672
66.3622
66.3571
66.352
66.347
66.3419
66.3368
66.3318
66.3267
66.3216
66.3166
66.3115
66.3064
66.3014
66.2963
66.2913
66.2862
66.2811
66.2761
66.271
66.2659
66.2609
66.2558
66.2508
66.2457
66.2406
66.2356
66.2305
66.2255
66.2204
66.2153
66.2103
66.2052
66.2002
66.1951
66.1901
66.185
66.1799
66.1749
66.1698
66.1648
66.1597
66.1547
66.1496
66.1446
66.1395
66.1345
66.1294
66.1244
66.1193
66.1143
66.1092
66.1042
66.0991
66.0941
66.089
66.084
66.0789
66.0739
66.0688
66.0638
66.0587
66.0537
66.0486
66.0436
66.0386
66.0335
66.0285
66.0234
66.0184
66.0133
66.0083
66.0033
65.9982
65.9932
65.9881
65.9831
65.9781
65.973
65.968
65.9629
65.9579
65.9529
65.9478
65.9428
65.9377
65.9327
65.9277
65.9226
65.9176
65.9126
65.9075
65.9025
65.8975
65.8924
65.8874
65.8824
65.8773
65.8723
65.8673
65.8622
65.8572
65.8522
65.8471
65.8421
65.8371
65.8321
65.827
65.822
65.817
65.8119
65.8069
65.8019
65.7969
65.7918
65.7868
65.7818
65.7768
65.7717
65.7667
65.7617
65.7567
65.7516
65.7466
65.7416
65.7366
65.7316
65.7265
65.7215
65.7165
65.7115
65.7065
65.7014
65.6964
65.6914
65.6864
65.6814
65.6764
65.6713
65.6663
65.6613
65.6563
65.6513
65.6463
65.6413
65.6362
65.6312
65.6262
65.6212
65.6162
65.6112
65.6062
65.6011
65.5961
65.5911
65.5861
65.5811
65.5761
65.5711
65.5661
65.5611
65.5561
65.5511
65.5461
65.541
65.536
65.531
65.526
65.521
65.516
65.511
65.506
65.501
65.496
65.491
65.486
65.481
65.476
65.471
65.466
65.461
65.456
65.451
65.446
65.441
65.436
65.431
65.426
65.421
65.416
65.411
65.406
65.401
65.396
65.391
65.386
65.381
65.376
65.371
65.3661
65.3611
65.3561
65.3511
65.3461
65.3411
65.3361
65.3311
65.3261
65.3211
65.3161
65.3112
65.3062
65.3012
65.2962
65.2912
65.2862
65.2812
65.2762
65.2713
65.2663
65.2613
65.2563
65.2513
65.2463
65.2413
65.2364
65.2314
65.2264
65.2214
65.2164
65.2115
65.2065
65.2015
65.1965
65.1915
65.1866
65.1816
65.1766
65.1716
65.1666
65.1617
65.1567
65.1517
65.1467
65.1418
65.1368
65.1318
65.1268
65.1219
65.1169
65.1119
65.1069
65.102
65.097
65.092
65.0871
65.0821
65.0771
65.0721
65.0672
65.0622
65.0572
65.0523
65.0473
65.0423
65.0373
65.0324
65.0274
65.0225
65.0175
65.0125
65.0075
65.0026
64.9976
64.9927
64.9877
64.9827
64.9778
64.9728
64.9678
64.9629
64.9579
64.9529
64.948
64.943
64.9381
64.9331
64.9281
64.9232
64.9182
64.9133
64.9083
64.9034
64.8984
64.8934
64.8885
64.8835
64.8786
64.8736
64.8687
64.8637
64.8588
64.8538
64.8488
64.8439
64.8389
64.834
64.829
64.8241
64.8191
64.8142
64.8092
64.8043
64.7993
64.7944
64.7894
64.7845
64.7795
64.7746
64.7696
64.7647
64.7597
64.7548
64.7499
64.7449
64.74
64.735
64.7301
64.7251
64.7202
64.7152
64.7103
64.7054
64.7004
64.6955
64.6905
64.6856
64.6806
64.6757
64.6708
64.6658
64.6609
64.6559
64.651
64.6461
64.6411
64.6362
64.6313
64.6263
64.6214
64.6164
64.6115
64.6066
64.6016
64.5967
64.5918
64.5868
64.5819
64.577
64.572
64.5671
64.5622
64.5573
64.5523
64.5474
64.5424
64.5375
64.5326
64.5277
64.5227
64.5178
64.5129
64.5079
64.503
64.4981
64.4932
64.4883
64.4833
64.4784
64.4735
64.4685
64.4636
64.4587
64.4538
64.4489
64.4439
64.439
64.4341
64.4292
64.4242
64.4193
64.4144
64.4095
64.4046
64.3996
64.3947
64.3898
64.3849
64.38
64.3751
64.3701
64.3652
64.3603
64.3554
64.3505
64.3456
64.3406
64.3357
64.3308
64.3259
64.321
64.3161
64.3111
64.3062
64.3013
64.2964
64.2915
64.2866
64.2817
64.2768
64.2719
64.267
64.2621
64.2571
64.2522
64.2473
64.2424
64.2375
64.2326
64.2277
64.2228
64.2179
64.213
64.2081
64.2032
64.1983
64.1934
64.1885
64.1836
64.1787
64.1738
64.1689
64.164
64.1591
64.1541
64.1493
64.1444
64.1395
64.1346
64.1297
64.1248
64.1199
64.115
64.1101
64.1052
64.1003
64.0954
64.0905
64.0856
64.0807
64.0758
64.0709
64.066
64.0611
64.0562
64.0513
64.0464
64.0415
64.0366
64.0318
64.0269
64.022
64.0171
64.0122
64.0073
64.0024
63.9975
63.9926
63.9878
63.9829
63.978
63.9731
63.9682
63.9633
63.9584
63.9536
63.9487
63.9438
63.9389
63.934
63.9291
63.9242
63.9194
63.9145
63.9096
63.9047
63.8998
63.895
63.8901
63.8852
63.8803
63.8754
63.8706
63.8657
63.8608
63.8559
63.851
63.8462
63.8413
63.8364
63.8315
63.8267
63.8218
63.8169
63.812
63.8072
63.8023
63.7974
63.7925
63.7877
63.7828
63.7779
63.7731
63.7682
63.7633
63.7584
63.7536
63.7487
63.7438
63.739
63.7341
63.7292
63.7244
63.7195
63.7146
63.7098
63.7049
63.7
63.6952
63.6903
63.6854
63.6806
63.6757
63.6708
63.666
63.6611
63.6562
63.6514
63.6465
63.6417
63.6368
63.6319
63.6271
63.6222
63.6174
63.6125
63.6077
63.6028
63.5979
63.5931
63.5882
63.5834
63.5785
63.5736
63.5688
63.5639
63.5591
63.5542
63.5494
63.5445
63.5397
63.5348
63.53
63.5251
63.5202
63.5154
63.5105
63.5057
63.5009
63.496
63.4911
63.4863
63.4814
63.4766
63.4718
63.4669
63.4621
63.4572
63.4524
63.4475
63.4427
63.4378
63.433
63.4281
63.4233
63.4184
63.4136
63.4088
63.4039
63.3991
63.3942
63.3894
63.3845
63.3797
63.3749
63.37
63.3652
63.3603
63.3555
63.3507
63.3458
63.341
63.3361
63.3313
63.3265
63.3216
63.3168
63.312
63.3071
63.3023
63.2975
63.2926
63.2878
63.2829
63.2781
63.2733
63.2685
63.2636
63.2588
63.254
63.2491
63.2443
63.2395
63.2346
63.2298
63.225
63.2201
63.2153
63.2105
63.2057
63.2008
63.196
63.1912
63.1863
63.1815
63.1767
63.1719
63.167
63.1622
63.1574
63.1526
63.1477
63.1429
63.1381
63.1333
63.1285
63.1236
63.1188
63.114
63.1092
63.1044
63.0995
63.0947
63.0899
63.0851
63.0803
63.0754
63.0706
63.0658
63.061
63.0562
63.0513
63.0465
63.0417
63.0369
63.0321
63.0273
63.0225
63.0176
63.0128
63.008
63.0032
62.9984
62.9936
62.9888
62.984
62.9791
62.9743
62.9695
62.9647
62.9599
62.9551
62.9503
62.9455
62.9407
62.9359
62.9311
62.9263
62.9215
62.9166
62.9118
62.907
62.9022
62.8974
62.8926
62.8878
62.883
62.8782
62.8734
62.8686
62.8638
62.859
62.8542
62.8494
62.8446
62.8398
62.835
62.8302
62.8254
62.8206
62.8158
62.811
62.8062
62.8014
62.7966
62.7918
62.787
62.7822
62.7774
62.7726
62.7678
62.763
62.7582
62.7535
62.7487
62.7439
62.7391
62.7343
62.7295
62.7247
62.7199
62.7151
62.7103
62.7055
62.7007
62.696
62.6912
62.6864
62.6816
62.6768
62.672
62.6672
62.6624
62.6577
62.6529
62.6481
62.6433
62.6385
62.6337
62.6289
62.6242
62.6194
62.6146
62.6098
62.605
62.6002
62.5955
62.5907
62.5859
62.5811
62.5763
62.5716
62.5668
62.562
62.5572
62.5524
62.5477
62.5429
62.5381
62.5333
62.5286
62.5238
62.519
62.5142
62.5095
62.5047
62.4999
62.4951
62.4904
62.4856
62.4808
62.476
62.4713
62.4665
62.4617
62.457
62.4522
62.4474
62.4427
62.4379
62.4331
62.4283
62.4236
62.4188
62.414
62.4093
62.4045
62.3997
62.395
62.3902
62.3854
62.3807
62.3759
62.3711
62.3664
62.3616
62.3569
62.3521
62.3473
62.3426
62.3378
62.333
62.3283
62.3235
62.3188
62.314
62.3092
62.3045
62.2997
62.295
62.2902
62.2854
62.2807
62.2759
62.2712
62.2664
62.2617
62.2569
62.2522
62.2474
62.2426
62.2379
62.2331
62.2284
62.2236
62.2189
62.2141
62.2094
62.2046
62.1999
62.1951
62.1904
62.1856
62.1809
62.1761
62.1714
62.1666
62.1619
62.1571
62.1524
62.1476
62.1429
62.1381
62.1334
62.1286
62.1239
62.1192
62.1144
62.1097
62.1049
62.1002
62.0954
62.0907
62.086
62.0812
62.0765
62.0717
62.067
62.0622
62.0575
62.0528
62.048
62.0433
62.0385
62.0338
62.0291
62.0243
62.0196
62.0149
62.0101
62.0054
62.0006
61.9959
61.9912
61.9864
61.9817
61.977
61.9722
61.9675
61.9628
61.958
61.9533
61.9486
61.9438
61.9391
61.9344
61.9296
61.9249
61.9202
61.9155
61.9107
61.906
61.9013
61.8965
61.8918
61.8871
61.8824
61.8776
61.8729
61.8682
61.8635
61.8587
61.854
61.8493
61.8446
61.8398
61.8351
61.8304
61.8257
61.8209
61.8162
61.8115
61.8068
61.8021
61.7973
61.7926
61.7879
61.7832
61.7785
61.7737
61.769
61.7643
61.7596
61.7549
61.7501
61.7454
61.7407
61.736
61.7313
61.7266
61.7219
61.7171
61.7124
61.7077
61.703
61.6983
61.6936
61.6889
61.6841
61.6794
61.6747
61.67
61.6653
61.6606
61.6559
61.6512
61.6465
61.6418
61.637
61.6323
61.6276
61.6229
61.6182
61.6135
61.6088
61.6041
61.5994
61.5947
61.59
61.5853
61.5806
61.5759
61.5712
61.5665
61.5618
61.5571
61.5524
61.5477
61.543
61.5383
61.5336
61.5289
61.5242
61.5195
61.5148
61.5101
61.5054
61.5007
61.496
61.4913
61.4866
61.4819
61.4772
61.4725
61.4678
61.4631
61.4584
61.4537
61.449
61.4443
61.4396
61.4349
61.4302
61.4255
61.4209
61.4162
61.4115
61.4068
61.4021
61.3974
61.3927
61.388
61.3833
61.3786
61.374
61.3693
61.3646
61.3599
61.3552
61.3505
61.3458
61.3411
61.3365
61.3318
61.3271
61.3224
61.3177
61.313
61.3084
61.3037
61.299
61.2943
61.2896
61.2849
61.2803
61.2756
61.2709
61.2662
61.2615
61.2569
61.2522
61.2475
61.2428
61.2382
61.2335
61.2288
61.2241
61.2194
61.2148
61.2101
61.2054
61.2007
61.1961
61.1914
61.1867
61.182
61.1774
61.1727
61.168
61.1634
61.1587
61.154
61.1493
61.1447
61.14
61.1353
61.1307
61.126
61.1213
61.1167
61.112
61.1073
61.1027
61.098
61.0933
61.0886
61.084
61.0793
61.0747
61.07
61.0653
61.0607
61.056
61.0513
61.0467
61.042
61.0373
61.0327
61.028
61.0234
61.0187
61.014
61.0094
61.0047
61.0001
60.9954
60.9907
60.9861
60.9814
60.9768
60.9721
60.9674
60.9628
60.9581
60.9535
60.9488
60.9442
60.9395
60.9349
60.9302
60.9255
60.9209
60.9162
60.9116
60.9069
60.9023
60.8976
60.893
60.8883
60.8837
60.879
60.8744
60.8697
60.8651
60.8604
60.8558
60.8511
60.8465
60.8418
60.8372
60.8325
60.8279
60.8232
60.8186
60.814
60.8093
60.8047
60.8
60.7954
60.7907
60.7861
60.7815
60.7768
60.7722
60.7675
60.7629
60.7582
60.7536
60.749
60.7443
60.7397
60.735
60.7304
60.7258
60.7211
60.7165
60.7118
60.7072
60.7026
60.6979
60.6933
60.6887
60.684
60.6794
60.6748
60.6701
60.6655
60.6609
60.6562
60.6516
60.647
60.6423
60.6377
60.6331
60.6284
60.6238
60.6192
60.6145
60.6099
60.6053
60.6007
60.596
60.5914
60.5868
60.5821
60.5775
60.5729
60.5683
60.5636
60.559
60.5544
60.5498
60.5451
60.5405
60.5359
60.5313
60.5266
60.522
60.5174
60.5128
60.5081
60.5035
60.4989
60.4943
60.4897
60.485
60.4804
60.4758
60.4712
60.4666
60.4619
60.4573
60.4527
60.4481
60.4435
60.4389
60.4342
60.4296
60.425
60.4204
60.4158
60.4112
60.4065
60.4019
60.3973
60.3927
60.3881
60.3835
60.3789
60.3743
60.3696
60.365
60.3604
60.3558
60.3512
60.3466
60.342
60.3374
60.3328
60.3282
60.3235
60.3189
60.3143
60.3097
60.3051
60.3005
60.2959
60.2913
60.2867
60.2821
60.2775
60.2729
60.2683
60.2637
60.2591
60.2545
60.2499
60.2453
60.2407
60.2361
60.2315
60.2269
60.2223
60.2177
60.2131
60.2085
60.2039
60.1993
60.1947
60.1901
60.1855
60.1809
60.1763
60.1717
60.1671
60.1625
60.1579
60.1533
60.1487
60.1441
60.1395
60.1349
60.1303
60.1257
60.1211
60.1166
60.112
60.1074
60.1028
60.0982
60.0936
60.089
60.0844
60.0798
60.0752
60.0706
60.0661
60.0615
60.0569
60.0523
60.0477
60.0431
60.0385
60.034
60.0294
60.0248
60.0202
60.0156
60.011
60.0064
60.0019
59.9973
59.9927
59.9881
59.9835
59.979
59.9744
59.9698
59.9652
59.9606
59.956
59.9515
59.9469
59.9423
59.9377
59.9332
59.9286
59.924
59.9194
59.9148
59.9103
59.9057
59.9011
59.8965
59.892
59.8874
59.8828
59.8783
59.8737
59.8691
59.8645
59.86
59.8554
59.8508
59.8462
59.8417
59.8371
59.8325
59.828
59.8234
59.8188
59.8142
59.8097
59.8051
59.8005
59.796
59.7914
59.7868
59.7823
59.7777
59.7731
59.7686
59.764
59.7594
59.7549
59.7503
59.7458
59.7412
59.7366
59.7321
59.7275
59.7229
59.7184
59.7138
59.7093
59.7047
59.7001
59.6956
59.691
59.6865
59.6819
59.6773
59.6728
59.6682
59.6637
59.6591
59.6546
59.65
59.6454
59.6409
59.6363
59.6318
59.6272
59.6227
59.6181
59.6135
59.609
59.6044
59.5999
59.5953
59.5908
59.5862
59.5817
59.5771
59.5726
59.568
59.5635
59.5589
59.5544
59.5498
59.5453
59.5407
59.5362
59.5316
59.5271
59.5226
59.518
59.5135
59.5089
59.5044
59.4998
59.4953
59.4907
59.4862
59.4817
59.4771
59.4726
59.468
59.4635
59.4589
59.4544
59.4498
59.4453
59.4408
59.4362
59.4317
59.4271
59.4226
59.4181
59.4135
59.409
59.4045
59.3999
59.3954
59.3908
59.3863
59.3818
59.3772
59.3727
59.3682
59.3636
59.3591
59.3546
59.35
59.3455
59.341
59.3364
59.3319
59.3274
59.3228
59.3183
59.3138
59.3092
59.3047
59.3002
59.2957
59.2911
59.2866
59.2821
59.2775
59.273
59.2685
59.264
59.2594
59.2549
59.2504
59.2458
59.2413
59.2368
59.2323
59.2277
59.2232
59.2187
59.2142
59.2097
59.2051
59.2006
59.1961
59.1916
59.187
59.1825
59.178
59.1735
59.169
59.1644
59.1599
59.1554
59.1509
59.1464
59.1419
59.1373
59.1328
59.1283
59.1238
59.1193
59.1148
59.1102
59.1057
59.1012
59.0967
59.0922
59.0877
59.0832
59.0786
59.0741
59.0696
59.0651
59.0606
59.0561
59.0516
59.0471
59.0426
59.038
59.0335
59.029
59.0245
59.02
59.0155
59.011
59.0065
59.002
58.9975
58.993
58.9885
58.984
58.9795
58.9749
58.9704
58.9659
58.9614
58.9569
58.9524
58.9479
58.9434
58.9389
58.9344
58.9299
58.9254
58.9209
58.9164
58.9119
58.9074
58.9029
58.8984
58.8939
58.8894
58.8849
58.8804
58.8759
58.8714
58.8669
58.8624
58.8579
58.8534
58.8489
58.8444
58.84
58.8355
58.831
58.8265
58.822
58.8175
58.813
58.8085
58.804
58.7995
58.795
58.7905
58.786
58.7816
58.7771
58.7726
58.7681
58.7636
58.7591
58.7546
58.7501
58.7456
58.7412
58.7367
58.7322
58.7277
58.7232
58.7187
58.7142
58.7098
58.7053
58.7008
58.6963
58.6918
58.6873
58.6829
58.6784
58.6739
58.6694
58.6649
58.6605
58.656
58.6515
58.647
58.6425
58.638
58.6336
58.6291
58.6246
58.6201
58.6157
58.6112
58.6067
58.6022
58.5977
58.5933
58.5888
58.5843
58.5799
58.5754
58.5709
58.5664
58.562
58.5575
58.553
58.5485
58.5441
58.5396
58.5351
58.5307
58.5262
58.5217
58.5172
58.5128
58.5083
58.5038
58.4994
58.4949
58.4904
58.486
58.4815
58.477
58.4726
58.4681
58.4636
58.4592
58.4547
58.4502
58.4458
58.4413
58.4368
58.4324
58.4279
58.4234
58.419
58.4145
58.4101
58.4056
58.4011
58.3967
58.3922
58.3878
58.3833
58.3788
58.3744
58.3699
58.3655
58.361
58.3565
58.3521
58.3476
58.3432
58.3387
58.3343
58.3298
58.3254
58.3209
58.3164
58.312
58.3075
58.3031
58.2986
58.2942
58.2897
58.2853
58.2808
58.2764
58.2719
58.2675
58.263
58.2586
58.2541
58.2497
58.2452
58.2408
58.2363
58.2319
58.2274
58.223
58.2185
58.2141
58.2096
58.2052
58.2007
58.1963
58.1918
58.1874
58.183
58.1785
58.1741
58.1696
58.1652
58.1607
58.1563
58.1519
58.1474
58.143
58.1385
58.1341
58.1297
58.1252
58.1208
58.1163
58.1119
58.1075
58.103
58.0986
58.0941
58.0897
58.0853
58.0808
58.0764
58.072
58.0675
58.0631
58.0587
58.0542
58.0498
58.0453
58.0409
58.0365
58.032
58.0276
58.0232
58.0188
58.0143
58.0099
58.0055
58.001
57.9966
57.9922
57.9877
57.9833
57.9789
57.9744
57.97
57.9656
57.9612
57.9567
57.9523
57.9479
57.9435
57.939
57.9346
57.9302
57.9258
57.9213
57.9169
57.9125
57.9081
57.9036
57.8992
57.8948
57.8904
57.886
57.8815
57.8771
57.8727
57.8683
57.8638
57.8594
57.855
57.8506
57.8462
57.8417
57.8373
57.8329
57.8285
57.8241
57.8197
57.8152
57.8108
57.8064
57.802
57.7976
57.7932
57.7888
57.7843
57.7799
57.7755
57.7711
57.7667
57.7623
57.7579
57.7535
57.749
57.7446
57.7402
57.7358
57.7314
57.727
57.7226
57.7182
57.7138
57.7094
57.705
57.7005
57.6961
57.6917
57.6873
57.6829
57.6785
57.6741
57.6697
57.6653
57.6609
57.6565
57.6521
57.6477
57.6433
57.6389
57.6345
57.6301
57.6257
57.6213
57.6169
57.6125
57.6081
57.6037
57.5993
57.5949
57.5905
57.5861
57.5817
57.5773
57.5729
57.5685
57.5641
57.5597
57.5553
57.5509
57.5465
57.5421
57.5377
57.5333
57.5289
57.5245
57.5201
57.5157
57.5113
57.5069
57.5025
57.4981
57.4938
57.4894
57.485
57.4806
57.4762
57.4718
57.4674
57.463
57.4586
57.4543
57.4499
57.4455
57.4411
57.4367
57.4323
57.4279
57.4235
57.4192
57.4148
57.4104
57.406
57.4016
57.3972
57.3928
57.3885
57.3841
57.3797
57.3753
57.3709
57.3665
57.3622
57.3578
57.3534
57.349
57.3446
57.3403
57.3359
57.3315
57.3271
57.3227
57.3184
57.314
57.3096
57.3052
57.3009
57.2965
57.2921
57.2877
57.2834
57.279
57.2746
57.2702
57.2659
57.2615
57.2571
57.2527
57.2484
57.244
57.2396
57.2352
57.2309
57.2265
57.2221
57.2178
57.2134
57.209
57.2046
57.2003
57.1959
57.1915
57.1872
57.1828
57.1784
57.1741
57.1697
57.1653
57.161
57.1566
57.1522
57.1479
57.1435
57.1391
57.1348
57.1304
57.126
57.1217
57.1173
57.113
57.1086
57.1042
57.0999
57.0955
57.0911
57.0868
57.0824
57.0781
57.0737
57.0693
57.065
57.0606
57.0563
57.0519
57.0476
57.0432
57.0388
57.0345
57.0301
57.0258
57.0214
57.0171
57.0127
57.0083
57.004
56.9996
56.9953
56.9909
56.9866
56.9822
56.9779
56.9735
56.9692
56.9648
56.9605
56.9561
56.9518
56.9474
56.9431
56.9387
56.9344
56.93
56.9257
56.9213
56.917
56.9126
56.9083
56.9039
56.8996
56.8952
56.8909
56.8866
56.8822
56.8779
56.8735
56.8692
56.8648
56.8605
56.8561
56.8518
56.8475
56.8431
56.8388
56.8344
56.8301
56.8258
56.8214
56.8171
56.8127
56.8084
56.8041
56.7997
56.7954
56.791
56.7867
56.7824
56.778
56.7737
56.7694
56.765
56.7607
56.7563
56.752
56.7477
56.7433
56.739
56.7347
56.7303
56.726
56.7217
56.7173
56.713
56.7087
56.7043
56.7
56.6957
56.6913
56.687
56.6827
56.6784
56.674
56.6697
56.6654
56.661
56.6567
56.6524
56.6481
56.6437
56.6394
56.6351
56.6308
56.6264
56.6221
56.6178
56.6135
56.6091
56.6048
56.6005
56.5962
56.5918
56.5875
56.5832
56.5789
56.5746
56.5702
56.5659
56.5616
56.5573
56.5529
56.5486
56.5443
56.54
56.5357
56.5314
56.527
56.5227
56.5184
56.5141
56.5098
56.5055
56.5011
56.4968
56.4925
56.4882
56.4839
56.4796
56.4753
56.4709
56.4666
56.4623
56.458
56.4537
56.4494
56.4451
56.4407
56.4364
56.4321
56.4278
56.4235
56.4192
56.4149
56.4106
56.4063
56.402
56.3977
56.3933
56.389
56.3847
56.3804
56.3761
56.3718
56.3675
56.3632
56.3589
56.3546
56.3503
56.346
56.3417
56.3374
56.3331
56.3288
56.3245
56.3202
56.3159
56.3116
56.3073
56.303
56.2986
56.2944
56.2901
56.2857
56.2815
56.2772
56.2729
56.2686
56.2643
56.26
56.2557
56.2514
56.2471
56.2428
56.2385
56.2342
56.2299
56.2256
56.2213
56.217
56.2127
56.2084
56.2041
56.1998
56.1955
56.1912
56.187
56.1827
56.1784
56.1741
56.1698
56.1655
56.1612
56.1569
56.1526
56.1483
56.1441
56.1398
56.1355
56.1312
56.1269
56.1226
56.1183
56.114
56.1098
56.1055
56.1012
56.0969
56.0926
56.0883
56.0841
56.0798
56.0755
56.0712
56.0669
56.0626
56.0583
56.0541
56.0498
56.0455
56.0412
56.0369
56.0327
56.0284
56.0241
56.0198
56.0155
56.0113
56.007
56.0027
55.9984
55.9942
55.9899
55.9856
55.9813
55.9771
55.9728
55.9685
55.9642
55.96
55.9557
55.9514
55.9471
55.9428
55.9386
55.9343
55.93
55.9258
55.9215
55.9172
55.913
55.9087
55.9044
55.9001
55.8959
55.8916
55.8873
55.8831
55.8788
55.8745
55.8703
55.866
55.8617
55.8575
55.8532
55.8489
55.8447
55.8404
55.8361
55.8319
55.8276
55.8233
55.8191
55.8148
55.8105
55.8063
55.802
55.7978
55.7935
55.7892
55.785
55.7807
55.7764
55.7722
55.7679
55.7637
55.7594
55.7551
55.7509
55.7466
55.7424
55.7381
55.7339
55.7296
55.7253
55.7211
55.7168
55.7126
55.7083
55.7041
55.6998
55.6956
55.6913
55.687
55.6828
55.6785
55.6743
55.67
55.6658
55.6615
55.6573
55.653
55.6488
55.6445
55.6403
55.636
55.6318
55.6275
55.6233
55.619
55.6148
55.6105
55.6063
55.602
55.5978
55.5935
55.5893
55.5851
55.5808
55.5766
55.5723
55.5681
55.5638
55.5596
55.5553
55.5511
55.5469
55.5426
55.5384
55.5341
55.5299
55.5257
55.5214
55.5172
55.5129
55.5087
55.5044
55.5002
55.496
55.4917
55.4875
55.4832
55.479
55.4748
55.4705
55.4663
55.4621
55.4578
55.4536
55.4494
55.4451
55.4409
55.4366
55.4324
55.4282
55.424
55.4197
55.4155
55.4112
55.407
55.4028
55.3986
55.3943
55.3901
55.3859
55.3816
55.3774
55.3732
55.3689
55.3647
55.3605
55.3563
55.352
55.3478
55.3436
55.3393
55.3351
55.3309
55.3267
55.3224
55.3182
55.314
55.3098
55.3055
55.3013
55.2971
55.2929
55.2886
55.2844
55.2802
55.276
55.2718
55.2675
55.2633
55.2591
55.2549
55.2506
55.2464
55.2422
55.238
55.2338
55.2295
55.2253
55.2211
55.2169
55.2127
55.2085
55.2042
55.2
55.1958
55.1916
55.1874
55.1832
55.1789
55.1747
55.1705
55.1663
55.1621
55.1579
55.1537
55.1494
55.1452
55.141
55.1368
55.1326
55.1284
55.1242
55.12
55.1158
55.1115
55.1073
55.1031
55.0989
55.0947
55.0905
55.0863
55.0821
55.0779
55.0737
55.0695
55.0653
55.0611
55.0568
55.0526
55.0484
55.0442
55.04
55.0358
55.0316
55.0274
55.0232
55.019
55.0148
55.0106
55.0064
55.0022
54.998
54.9938
54.9896
54.9854
54.9812
54.977
54.9728
54.9686
54.9644
54.9602
54.956
54.9518
54.9476
54.9434
54.9392
54.935
54.9308
54.9266
54.9224
54.9182
54.914
54.9099
54.9057
54.9015
54.8973
54.8931
54.8889
54.8847
54.8805
54.8763
54.8721
54.8679
54.8637
54.8595
54.8554
54.8512
54.847
54.8428
54.8386
54.8344
54.8302
54.826
54.8218
54.8177
54.8135
54.8093
54.8051
54.8009
54.7967
54.7925
54.7884
54.7842
54.78
54.7758
54.7716
54.7674
54.7632
54.7591
54.7549
54.7507
54.7465
54.7423
54.7382
54.734
54.7298
54.7256
54.7214
54.7173
54.7131
54.7089
54.7047
54.7005
54.6964
54.6922
54.688
54.6838
54.6797
54.6755
54.6713
54.6671
54.6629
54.6588
54.6546
54.6504
54.6462
54.6421
54.6379
54.6337
54.6296
54.6254
54.6212
54.617
54.6129
54.6087
54.6045
54.6003
54.5962
54.592
54.5878
54.5837
54.5795
54.5753
54.5712
54.567
54.5628
54.5587
54.5545
54.5503
54.5462
54.542
54.5378
54.5337
54.5295
54.5253
54.5212
54.517
54.5128
54.5087
54.5045
54.5003
54.4962
54.492
54.4879
54.4837
54.4795
54.4754
54.4712
54.4671
54.4629
54.4587
54.4546
54.4504
54.4463
54.4421
54.4379
54.4338
54.4296
54.4255
54.4213
54.4172
54.413
54.4088
54.4047
54.4005
54.3964
54.3922
54.3881
54.3839
54.3797
54.3756
54.3714
54.3673
54.3631
54.359
54.3548
54.3507
54.3465
54.3424
54.3382
54.3341
54.3299
54.3258
54.3216
54.3175
54.3133
54.3092
54.305
54.3009
54.2967
54.2926
54.2884
54.2843
54.2802
54.276
54.2719
54.2677
54.2636
54.2594
54.2553
54.2511
54.247
54.2428
54.2387
54.2346
54.2304
54.2263
54.2221
54.218
54.2138
54.2097
54.2056
54.2014
54.1973
54.1932
54.189
54.1849
54.1807
54.1766
54.1725
54.1683
54.1642
54.16
54.1559
54.1518
54.1476
54.1435
54.1394
54.1352
54.1311
54.127
54.1228
54.1187
54.1146
54.1104
54.1063
54.1022
54.098
54.0939
54.0898
54.0856
54.0815
54.0774
54.0732
54.0691
54.065
54.0609
54.0567
54.0526
54.0485
54.0443
54.0402
54.0361
54.032
54.0278
54.0237
54.0196
54.0154
54.0113
54.0072
54.0031
53.9989
53.9948
53.9907
53.9866
53.9824
53.9783
53.9742
53.9701
53.966
53.9618
53.9577
53.9536
53.9495
53.9454
53.9412
53.9371
53.933
53.9289
53.9247
53.9206
53.9165
53.9124
53.9083
53.9042
53.9
53.8959
53.8918
53.8877
53.8836
53.8795
53.8753
53.8712
53.8671
53.863
53.8589
53.8548
53.8507
53.8465
53.8424
53.8383
53.8342
53.8301
53.826
53.8219
53.8178
53.8136
53.8095
53.8054
53.8013
53.7972
53.7931
53.789
53.7849
53.7808
53.7767
53.7726
53.7685
53.7643
53.7602
53.7561
53.752
53.7479
53.7438
53.7397
53.7356
53.7315
53.7274
53.7233
53.7192
53.7151
53.711
53.7069
53.7028
53.6987
53.6946
53.6905
53.6864
53.6823
53.6782
53.6741
53.67
53.6659
53.6618
53.6577
53.6536
53.6495
53.6454
53.6413
53.6372
53.6331
53.629
53.6249
53.6208
53.6167
53.6126
53.6085
53.6044
53.6003
53.5962
53.5921
53.588
53.584
53.5799
53.5758
53.5717
53.5676
53.5635
53.5594
53.5553
53.5512
53.5471
53.543
53.5389
53.5349
53.5308
53.5267
53.5226
53.5185
53.5144
53.5103
53.5062
53.5022
53.4981
53.494
53.4899
53.4858
53.4817
53.4776
53.4736
53.4695
53.4654
53.4613
53.4572
53.4531
53.449
53.445
53.4409
53.4368
53.4327
53.4286
53.4246
53.4205
53.4164
53.4123
53.4082
53.4042
53.4001
53.396
53.3919
53.3878
53.3838
53.3797
53.3756
53.3715
53.3675
53.3634
53.3593
53.3552
53.3512
53.3471
53.343
53.3389
53.3349
53.3308
53.3267
53.3226
53.3186
53.3145
53.3104
53.3064
53.3023
53.2982
53.2941
53.2901
53.286
53.2819
53.2779
53.2738
53.2697
53.2656
53.2616
53.2575
53.2534
53.2494
53.2453
53.2412
53.2372
53.2331
53.229
53.225
53.2209
53.2168
53.2128
53.2087
53.2047
53.2006
53.1965
53.1925
53.1884
53.1843
53.1803
53.1762
53.1721
53.1681
53.164
53.16
53.1559
53.1518
53.1478
53.1437
53.1397
53.1356
53.1315
53.1275
53.1234
53.1194
53.1153
53.1113
53.1072
53.1031
53.0991
53.095
53.091
53.0869
53.0829
53.0788
53.0748
53.0707
53.0667
53.0626
53.0585
53.0545
53.0504
53.0464
53.0423
53.0383
53.0342
53.0302
53.0261
53.0221
53.018
53.014
53.0099
53.0059
53.0018
52.9978
52.9937
52.9897
52.9856
52.9816
52.9776
52.9735
52.9695
52.9654
52.9614
52.9573
52.9533
52.9492
52.9452
52.9411
52.9371
52.9331
52.929
52.925
52.9209
52.9169
52.9128
52.9088
52.9048
52.9007
52.8967
52.8926
52.8886
52.8846
52.8805
52.8765
52.8724
52.8684
52.8644
52.8603
52.8563
52.8522
52.8482
52.8442
52.8401
52.8361
52.8321
52.828
52.824
52.82
52.8159
52.8119
52.8079
52.8038
52.7998
52.7958
52.7917
52.7877
52.7837
52.7796
52.7756
52.7716
52.7675
52.7635
52.7595
52.7555
52.7514
52.7474
52.7434
52.7393
52.7353
52.7313
52.7272
52.7232
52.7192
52.7152
52.7111
52.7071
52.7031
52.6991
52.695
52.691
52.687
52.683
52.6789
52.6749
52.6709
52.6669
52.6628
52.6588
52.6548
52.6508
52.6468
52.6427
52.6387
52.6347
52.6307
52.6267
52.6226
52.6186
52.6146
52.6106
52.6066
52.6025
52.5985
52.5945
52.5905
52.5865
52.5825
52.5784
52.5744
52.5704
52.5664
52.5624
52.5584
52.5543
52.5503
52.5463
52.5423
52.5383
52.5343
52.5303
52.5263
52.5222
52.5182
52.5142
52.5102
52.5062
52.5022
52.4982
52.4942
52.4902
52.4861
52.4821
52.4781
52.4741
52.4701
52.4661
52.4621
52.4581
52.4541
52.4501
52.4461
52.4421
52.4381
52.4341
52.43
52.426
52.422
52.418
52.414
52.41
52.406
52.402
52.398
52.394
52.39
52.386
52.382
52.378
52.374
52.37
52.366
52.362
52.358
52.354
52.35
52.346
52.342
52.338
52.334
52.33
52.326
52.322
52.318
52.314
52.31
52.3061
52.3021
52.2981
52.2941
52.2901
52.2861
52.2821
52.2781
52.2741
52.2701
52.2661
52.2621
52.2581
52.2541
52.2501
52.2462
52.2422
52.2382
52.2342
52.2302
52.2262
52.2222
52.2182
52.2142
52.2102
52.2063
52.2023
52.1983
52.1943
52.1903
52.1863
52.1823
52.1783
52.1744
52.1704
52.1664
52.1624
52.1584
52.1544
52.1505
52.1465
52.1425
52.1385
52.1345
52.1305
52.1266
52.1226
52.1186
52.1146
52.1106
52.1067
52.1027
52.0987
52.0947
52.0907
52.0868
52.0828
52.0788
52.0748
52.0708
52.0669
52.0629
52.0589
52.0549
52.051
52.047
52.043
52.039
52.0351
52.0311
52.0271
52.0231
52.0192
52.0152
52.0112
52.0072
52.0033
51.9993
51.9953
51.9914
51.9874
51.9834
51.9794
51.9755
51.9715
51.9675
51.9636
51.9596
51.9556
51.9517
51.9477
51.9437
51.9398
51.9358
51.9318
51.9279
51.9239
51.9199
51.916
51.912
51.908
51.9041
51.9001
51.8961
51.8922
51.8882
51.8842
51.8803
51.8763
51.8724
51.8684
51.8644
51.8605
51.8565
51.8526
51.8486
51.8446
51.8407
51.8367
51.8328
51.8288
51.8248
51.8209
51.8169
51.813
51.809
51.805
51.8011
51.7971
51.7932
51.7892
51.7853
51.7813
51.7773
51.7734
51.7694
51.7655
51.7615
51.7576
51.7536
51.7497
51.7457
51.7418
51.7378
51.7339
51.7299
51.726
51.722
51.7181
51.7141
51.7102
51.7062
51.7023
51.6983
51.6944
51.6904
51.6865
51.6825
51.6786
51.6746
51.6707
51.6667
51.6628
51.6588
51.6549
51.6509
51.647
51.6431
51.6391
51.6352
51.6312
51.6273
51.6233
51.6194
51.6154
51.6115
51.6076
51.6036
51.5997
51.5957
51.5918
51.5879
51.5839
51.58
51.576
51.5721
51.5682
51.5642
51.5603
51.5563
51.5524
51.5485
51.5445
51.5406
51.5367
51.5327
51.5288
51.5248
51.5209
51.517
51.513
51.5091
51.5052
51.5012
51.4973
51.4934
51.4894
51.4855
51.4816
51.4776
51.4737
51.4698
51.4658
51.4619
51.458
51.454
51.4501
51.4462
51.4423
51.4383
51.4344
