61.1297
61.1285
61.1272
61.1259
61.1246
61.1233
61.122
61.1208
61.1195
61.1182
61.1169
61.1156
61.1143
61.1131
61.1118
61.1105
61.1092
61.1079
61.1067
61.1054
61.1041
61.1028
61.1015
61.1002
61.099
61.0977
61.0964
61.0951
61.0938
61.0925
61.0913
61.09
61.0887
61.0874
61.0861
61.0848
61.0836
61.0823
61.081
61.0797
61.0784
61.0772
61.0759
61.0746
61.0733
61.072
61.0708
61.0695
61.0682
61.0669
61.0656
61.0643
61.0631
61.0618
61.0605
61.0592
61.0579
61.0567
61.0554
61.0541
61.0528
61.0515
61.0502
61.049
61.0477
61.0464
61.0451
61.0438
61.0426
61.0413
61.04
61.0387
61.0374
61.0362
61.0349
61.0336
61.0323
61.031
61.0297
61.0285
61.0272
61.0259
61.0246
61.0233
61.0221
61.0208
61.0195
61.0182
61.0169
61.0157
61.0144
61.0131
61.0118
61.0105
61.0093
61.008
61.0067
61.0054
61.0041
61.0028
61.0016
61.0003
60.999
60.9977
60.9964
60.9952
60.9939
60.9926
60.9913
60.9901
60.9888
60.9875
60.9862
60.9849
60.9837
60.9824
60.9811
60.9798
60.9785
60.9773
60.976
60.9747
60.9734
60.9721
60.9709
60.9696
60.9683
60.967
60.9657
60.9645
60.9632
60.9619
60.9606
60.9593
60.9581
60.9568
60.9555
60.9542
60.9529
60.9517
60.9504
60.9491
60.9478
60.9465
60.9453
60.944
60.9427
60.9414
60.9401
60.9389
60.9376
60.9363
60.935
60.9338
60.9325
60.9312
60.9299
60.9286
60.9274
60.9261
60.9248
60.9235
60.9222
60.921
60.9197
60.9184
60.9171
60.9159
60.9146
60.9133
60.912
60.9107
60.9095
60.9082
60.9069
60.9056
60.9043
60.9031
60.9018
60.9005
60.8992
60.898
60.8967
60.8954
60.8941
60.8928
60.8916
60.8903
60.889
60.8877
60.8865
60.8852
60.8839
60.8826
60.8813
60.8801
60.8788
60.8775
60.8762
60.875
60.8737
60.8724
60.8711
60.8698
60.8686
60.8673
60.866
60.8647
60.8635
60.8622
60.8609
60.8596
60.8583
60.8571
60.8558
60.8545
60.8532
60.852
60.8507
60.8494
60.8481
60.8468
60.8456
60.8443
60.843
60.8417
60.8405
60.8392
60.8379
60.8366
60.8354
60.8341
60.8328
60.8315
60.8302
60.829
60.8277
60.8264
60.8251
60.8239
60.8226
60.8213
60.82
60.8188
60.8175
60.8162
60.8149
60.8137
60.8124
60.8111
60.8098
60.8085
60.8073
60.806
60.8047
60.8034
60.8022
60.8009
60.7996
60.7983
60.7971
60.7958
60.7945
60.7932
60.792
60.7907
60.7894
60.7881
60.7869
60.7856
60.7843
60.783
60.7818
60.7805
60.7792
60.7779
60.7766
60.7754
60.7741
60.7728
60.7715
60.7703
60.769
60.7677
60.7664
60.7652
60.7639
60.7626
60.7613
60.7601
60.7588
60.7575
60.7562
60.755
60.7537
60.7524
60.7511
60.7499
60.7486
60.7473
60.746
60.7448
60.7435
60.7422
60.7409
60.7397
60.7384
60.7371
60.7358
60.7346
60.7333
60.732
60.7307
60.7295
60.7282
60.7269
60.7256
60.7244
60.7231
60.7218
60.7206
60.7193
60.718
60.7167
60.7155
60.7142
60.7129
60.7116
60.7104
60.7091
60.7078
60.7065
60.7053
60.704
60.7027
60.7014
60.7002
60.6989
60.6976
60.6963
60.6951
60.6938
60.6925
60.6912
60.69
60.6887
60.6874
60.6861
60.6849
60.6836
60.6823
60.6811
60.6798
60.6785
60.6772
60.676
60.6747
60.6734
60.6721
60.6709
60.6696
60.6683
60.667
60.6658
60.6645
60.6632
60.662
60.6607
60.6594
60.6581
60.6569
60.6556
60.6543
60.653
60.6518
60.6505
60.6492
60.6479
60.6467
60.6454
60.6441
60.6429
60.6416
60.6403
60.639
60.6378
60.6365
60.6352
60.6339
60.6327
60.6314
60.6301
60.6289
60.6276
60.6263
60.625
60.6238
60.6225
60.6212
60.62
60.6187
60.6174
60.6161
60.6149
60.6136
60.6123
60.611
60.6098
60.6085
60.6072
60.606
60.6047
60.6034
60.6021
60.6009
60.5996
60.5983
60.5971
60.5958
60.5945
60.5932
60.592
60.5907
60.5894
60.5882
60.5869
60.5856
60.5843
60.5831
60.5818
60.5805
60.5793
60.578
60.5767
60.5754
60.5742
60.5729
60.5716
60.5704
60.5691
60.5678
60.5665
60.5653
60.564
60.5627
60.5615
60.5602
60.5589
60.5576
60.5564
60.5551
60.5538
60.5526
60.5513
60.55
60.5487
60.5475
60.5462
60.5449
60.5437
60.5424
60.5411
60.5399
60.5386
60.5373
60.536
60.5348
60.5335
60.5322
60.531
60.5297
60.5284
60.5271
60.5259
60.5246
60.5233
60.5221
60.5208
60.5195
60.5182
60.517
60.5157
60.5144
60.5132
60.5119
60.5106
60.5094
60.5081
60.5068
60.5056
60.5043
60.503
60.5017
60.5005
60.4992
60.4979
60.4967
60.4954
60.4941
60.4929
60.4916
60.4903
60.489
60.4878
60.4865
60.4852
60.484
60.4827
60.4814
60.4802
60.4789
60.4776
60.4764
60.4751
60.4738
60.4725
60.4713
60.47
60.4687
60.4675
60.4662
60.4649
60.4637
60.4624
60.4611
60.4599
60.4586
60.4573
60.456
60.4548
60.4535
60.4522
60.451
60.4497
60.4484
60.4472
60.4459
60.4446
60.4434
60.4421
60.4408
60.4396
60.4383
60.437
60.4357
60.4345
60.4332
60.4319
60.4307
60.4294
60.4281
60.4269
60.4256
60.4243
60.4231
60.4218
60.4205
60.4193
60.418
60.4167
60.4155
60.4142
60.4129
60.4117
60.4104
60.4091
60.4078
60.4066
60.4053
60.404
60.4028
60.4015
60.4002
60.399
60.3977
60.3964
60.3952
60.3939
60.3926
60.3914
60.3901
60.3888
60.3876
60.3863
60.385
60.3838
60.3825
60.3812
60.38
60.3787
60.3774
60.3762
60.3749
60.3736
60.3724
60.3711
60.3698
60.3686
60.3673
60.366
60.3648
60.3635
60.3622
60.361
60.3597
60.3584
60.3572
60.3559
60.3546
60.3534
60.3521
60.3508
60.3496
60.3483
60.347
60.3458
60.3445
60.3432
60.342
60.3407
60.3394
60.3382
60.3369
60.3356
60.3344
60.3331
60.3318
60.3306
60.3293
60.328
60.3268
60.3255
60.3242
60.323
60.3217
60.3204
60.3192
60.3179
60.3166
60.3154
60.3141
60.3128
60.3116
60.3103
60.309
60.3078
60.3065
60.3052
60.304
60.3027
60.3014
60.3002
60.2989
60.2976
60.2964
60.2951
60.2938
60.2926
60.2913
60.2901
60.2888
60.2875
60.2863
60.285
60.2837
60.2825
60.2812
60.2799
60.2787
60.2774
60.2761
60.2749
60.2736
60.2723
60.2711
60.2698
60.2685
60.2673
60.266
60.2647
60.2635
60.2622
60.261
60.2597
60.2584
60.2572
60.2559
60.2546
60.2534
60.2521
60.2508
60.2496
60.2483
60.247
60.2458
60.2445
60.2433
60.242
60.2407
60.2395
60.2382
60.2369
60.2357
60.2344
60.2331
60.2319
60.2306
60.2293
60.2281
60.2268
60.2256
60.2243
60.223
60.2218
60.2205
60.2192
60.218
60.2167
60.2154
60.2142
60.2129
60.2117
60.2104
60.2091
60.2079
60.2066
60.2053
60.2041
60.2028
60.2015
60.2003
60.199
60.1978
60.1965
60.1952
60.194
60.1927
60.1914
60.1902
60.1889
60.1876
60.1864
60.1851
60.1838
60.1826
60.1813
60.1801
60.1788
60.1775
60.1763
60.175
60.1737
60.1725
60.1712
60.17
60.1687
60.1674
60.1662
60.1649
60.1636
60.1624
60.1611
60.1599
60.1586
60.1573
60.1561
60.1548
60.1535
60.1523
60.151
60.1498
60.1485
60.1472
60.146
60.1447
60.1434
60.1422
60.1409
60.1397
60.1384
60.1371
60.1359
60.1346
60.1333
60.1321
60.1308
60.1296
60.1283
60.127
60.1258
60.1245
60.1232
60.122
60.1207
60.1195
60.1182
60.1169
60.1157
60.1144
60.1132
60.1119
60.1106
60.1094
60.1081
60.1068
60.1056
60.1043
60.1031
60.1018
60.1005
60.0993
60.098
60.0968
60.0955
60.0942
60.093
60.0917
60.0905
60.0892
60.0879
60.0867
60.0854
60.0841
60.0829
60.0816
60.0804
60.0791
60.0778
60.0766
60.0753
60.0741
60.0728
60.0715
60.0703
60.069
60.0678
60.0665
60.0652
60.064
60.0627
60.0615
60.0602
60.0589
60.0577
60.0564
60.0551
60.0539
60.0526
60.0514
60.0501
60.0488
60.0476
60.0463
60.0451
60.0438
60.0425
60.0413
60.04
60.0388
60.0375
60.0362
60.035
60.0337
60.0325
60.0312
60.0299
60.0287
60.0274
60.0262
60.0249
60.0236
60.0224
60.0211
60.0199
60.0186
60.0173
60.0161
60.0148
60.0136
60.0123
60.011
60.0098
60.0085
60.0073
60.006
60.0047
60.0035
60.0022
60.001
59.9997
59.9985
59.9972
59.9959
59.9947
59.9934
59.9922
59.9909
59.9896
59.9884
59.9871
59.9859
59.9846
59.9833
59.9821
59.9808
59.9796
59.9783
59.9771
59.9758
59.9745
59.9733
59.972
59.9708
59.9695
59.9682
59.967
59.9657
59.9645
59.9632
59.9619
59.9607
59.9594
59.9582
59.9569
59.9557
59.9544
59.9531
59.9519
59.9506
59.9494
59.9481
59.9468
59.9456
59.9443
59.9431
59.9418
59.9406
59.9393
59.938
59.9368
59.9355
59.9343
59.933
59.9318
59.9305
59.9292
59.928
59.9267
59.9255
59.9242
59.9229
59.9217
59.9204
59.9192
59.9179
59.9167
59.9154
59.9141
59.9129
59.9116
59.9104
59.9091
59.9079
59.9066
59.9053
59.9041
59.9028
59.9016
59.9003
59.8991
59.8978
59.8965
59.8953
59.894
59.8928
59.8915
59.8903
59.889
59.8877
59.8865
59.8852
59.884
59.8827
59.8815
59.8802
59.8789
59.8777
59.8764
59.8752
59.8739
59.8727
59.8714
59.8701
59.8689
59.8676
59.8664
59.8651
59.8639
59.8626
59.8614
59.8601
59.8588
59.8576
59.8563
59.8551
59.8538
59.8526
59.8513
59.85
59.8488
59.8475
59.8463
59.845
59.8438
59.8425
59.8413
59.84
59.8387
59.8375
59.8362
59.835
59.8337
59.8325
59.8312
59.8299
59.8287
59.8274
59.8262
59.8249
59.8237
59.8224
59.8212
59.8199
59.8186
59.8174
59.8161
59.8149
59.8136
59.8124
59.8111
59.8099
59.8086
59.8074
59.8061
59.8048
59.8036
59.8023
59.8011
59.7998
59.7986
59.7973
59.7961
59.7948
59.7935
59.7923
59.791
59.7898
59.7885
59.7873
59.786
59.7848
59.7835
59.7822
59.781
59.7797
59.7785
59.7772
59.776
59.7747
59.7735
59.7722
59.771
59.7697
59.7685
59.7672
59.7659
59.7647
59.7634
59.7622
59.7609
59.7597
59.7584
59.7572
59.7559
59.7547
59.7534
59.7521
59.7509
59.7496
59.7484
59.7471
59.7459
59.7446
59.7434
59.7421
59.7409
59.7396
59.7383
59.7371
59.7358
59.7346
59.7333
59.7321
59.7308
59.7296
59.7283
59.7271
59.7258
59.7246
59.7233
59.7221
59.7208
59.7195
59.7183
59.717
59.7158
59.7145
59.7133
59.712
59.7108
59.7095
59.7083
59.707
59.7058
59.7045
59.7033
59.702
59.7007
59.6995
59.6982
59.697
59.6957
59.6945
59.6932
59.692
59.6907
59.6895
59.6882
59.687
59.6857
59.6845
59.6832
59.682
59.6807
59.6794
59.6782
59.6769
59.6757
59.6744
59.6732
59.6719
59.6707
59.6694
59.6682
59.6669
59.6657
59.6644
59.6632
59.6619
59.6607
59.6594
59.6582
59.6569
59.6557
59.6544
59.6532
59.6519
59.6506
59.6494
59.6481
59.6469
59.6456
59.6444
59.6431
59.6419
59.6406
59.6394
59.6381
59.6369
59.6356
59.6344
59.6331
59.6319
59.6306
59.6294
59.6281
59.6269
59.6256
59.6244
59.6231
59.6219
59.6206
59.6194
59.6181
59.6169
59.6156
59.6143
59.6131
59.6118
59.6106
59.6093
59.6081
59.6068
59.6056
59.6043
59.6031
59.6018
59.6006
59.5993
59.5981
59.5968
59.5956
59.5943
59.5931
59.5918
59.5906
59.5893
59.5881
59.5868
59.5856
59.5843
59.5831
59.5818
59.5806
59.5793
59.5781
59.5768
59.5756
59.5743
59.5731
59.5718
59.5706
59.5693
59.5681
59.5668
59.5656
59.5643
59.5631
59.5618
59.5606
59.5593
59.5581
59.5568
59.5556
59.5543
59.5531
59.5518
59.5506
59.5493
59.5481
59.5468
59.5456
59.5443
59.5431
59.5418
59.5406
59.5393
59.5381
59.5368
59.5356
59.5343
59.5331
59.5318
59.5306
59.5293
59.5281
59.5268
59.5256
59.5243
59.5231
59.5218
59.5206
59.5193
59.5181
59.5168
59.5156
59.5143
59.5131
59.5118
59.5106
59.5093
59.5081
59.5068
59.5056
59.5043
59.5031
59.5019
59.5006
59.4994
59.4981
59.4968
59.4956
59.4944
59.4931
59.4919
59.4906
59.4894
59.4881
59.4869
59.4856
59.4844
59.4831
59.4819
59.4806
59.4794
59.4781
59.4769
59.4756
59.4744
59.4731
59.4719
59.4706
59.4694
59.4681
59.4669
59.4656
59.4644
59.4631
59.4619
59.4607
59.4594
59.4582
59.4569
59.4557
59.4544
59.4532
59.4519
59.4507
59.4494
59.4482
59.4469
59.4457
59.4444
59.4432
59.4419
59.4407
59.4394
59.4382
59.4369
59.4357
59.4344
59.4332
59.432
59.4307
59.4295
59.4282
59.427
59.4257
59.4245
59.4232
59.422
59.4207
59.4195
59.4182
59.417
59.4157
59.4145
59.4132
59.412
59.4108
59.4095
59.4083
59.407
59.4058
59.4045
59.4033
59.402
59.4008
59.3995
59.3983
59.397
59.3958
59.3945
59.3933
59.392
59.3908
59.3896
59.3883
59.3871
59.3858
59.3846
59.3833
59.3821
59.3808
59.3796
59.3783
59.3771
59.3758
59.3746
59.3734
59.3721
59.3709
59.3696
59.3684
59.3671
59.3659
59.3646
59.3634
59.3621
59.3609
59.3596
59.3584
59.3572
59.3559
59.3547
59.3534
59.3522
59.3509
59.3497
59.3484
59.3472
59.3459
59.3447
59.3435
59.3422
59.341
59.3397
59.3385
59.3372
59.336
59.3347
59.3335
59.3322
59.331
59.3298
59.3285
59.3273
59.326
59.3248
59.3235
59.3223
59.321
59.3198
59.3186
59.3173
59.3161
59.3148
59.3136
59.3123
59.3111
59.3098
59.3086
59.3073
59.3061
59.3049
59.3036
59.3024
59.3011
59.2999
59.2986
59.2974
59.2961
59.2949
59.2937
59.2924
59.2912
59.2899
59.2887
59.2874
59.2862
59.2849
59.2837
59.2825
59.2812
59.28
59.2787
59.2775
59.2762
59.275
59.2737
59.2725
59.2713
59.27
59.2688
59.2675
59.2663
59.265
59.2638
59.2626
59.2613
59.2601
59.2588
59.2576
59.2563
59.2551
59.2538
59.2526
59.2514
59.2501
59.2489
59.2476
59.2464
59.2451
59.2439
59.2427
59.2414
59.2402
59.2389
59.2377
59.2364
59.2352
59.2339
59.2327
59.2315
59.2302
59.229
59.2277
59.2265
59.2252
59.224
59.2228
59.2215
59.2203
59.219
59.2178
59.2165
59.2153
59.2141
59.2128
59.2116
59.2103
59.2091
59.2079
59.2066
59.2054
59.2041
59.2029
59.2016
59.2004
59.1991
59.1979
59.1967
59.1954
59.1942
59.1929
59.1917
59.1905
59.1892
59.188
59.1867
59.1855
59.1842
59.183
59.1818
59.1805
59.1793
59.178
59.1768
59.1755
59.1743
59.1731
59.1718
59.1706
59.1693
59.1681
59.1669
59.1656
59.1644
59.1631
59.1619
59.1606
59.1594
59.1582
59.1569
59.1557
59.1544
59.1532
59.152
59.1507
59.1495
59.1482
59.147
59.1457
59.1445
59.1433
59.142
59.1408
59.1395
59.1383
59.1371
59.1358
59.1346
59.1333
59.1321
59.1309
59.1296
59.1284
59.1271
59.1259
59.1246
59.1234
59.1222
59.1209
59.1197
59.1184
59.1172
59.116
59.1147
59.1135
59.1122
59.111
59.1098
59.1085
59.1073
59.106
59.1048
59.1036
59.1023
59.1011
59.0998
59.0986
59.0974
59.0961
59.0949
59.0936
59.0924
59.0912
59.0899
59.0887
59.0874
59.0862
59.0849
59.0837
59.0825
59.0812
59.08
59.0787
59.0775
59.0763
59.075
59.0738
59.0726
59.0713
59.0701
59.0688
59.0676
59.0663
59.0651
59.0639
59.0626
59.0614
59.0602
59.0589
59.0577
59.0564
59.0552
59.054
59.0527
59.0515
59.0502
59.049
59.0478
59.0465
59.0453
59.044
59.0428
59.0416
59.0403
59.0391
59.0378
59.0366
59.0354
59.0341
59.0329
59.0317
59.0304
59.0292
59.0279
59.0267
59.0255
59.0242
59.023
59.0217
59.0205
59.0193
59.018
59.0168
59.0155
59.0143
59.0131
59.0118
59.0106
59.0094
59.0081
59.0069
59.0056
59.0044
59.0032
59.0019
59.0007
58.9994
58.9982
58.997
58.9957
58.9945
58.9933
58.992
58.9908
58.9895
58.9883
58.9871
58.9858
58.9846
58.9834
58.9821
58.9809
58.9796
58.9784
58.9772
58.9759
58.9747
58.9734
58.9722
58.971
58.9697
58.9685
58.9673
58.966
58.9648
58.9635
58.9623
58.9611
58.9598
58.9586
58.9574
58.9561
58.9549
58.9536
58.9524
58.9512
58.9499
58.9487
58.9475
58.9462
58.945
58.9437
58.9425
58.9413
58.94
58.9388
58.9376
58.9363
58.9351
58.9338
58.9326
58.9314
58.9301
58.9289
58.9277
58.9264
58.9252
58.924
58.9227
58.9215
58.9202
58.919
58.9178
58.9165
58.9153
58.9141
58.9128
58.9116
58.9104
58.9091
58.9079
58.9066
58.9054
58.9042
58.9029
58.9017
58.9005
58.8992
58.898
58.8968
58.8955
58.8943
58.893
58.8918
58.8906
58.8893
58.8881
58.8869
58.8856
58.8844
58.8832
58.8819
58.8807
58.8795
58.8782
58.877
58.8757
58.8745
58.8733
58.872
58.8708
58.8696
58.8683
58.8671
58.8659
58.8646
58.8634
58.8622
58.8609
58.8597
58.8584
58.8572
58.856
58.8547
58.8535
58.8523
58.851
58.8498
58.8486
58.8473
58.8461
58.8449
58.8436
58.8424
58.8412
58.8399
58.8387
58.8374
58.8362
58.835
58.8337
58.8325
58.8313
58.83
58.8288
58.8276
58.8263
58.8251
58.8239
58.8226
58.8214
58.8202
58.8189
58.8177
58.8165
58.8152
58.814
58.8128
58.8115
58.8103
58.8091
58.8078
58.8066
58.8054
58.8041
58.8029
58.8017
58.8004
58.7992
58.7979
58.7967
58.7955
58.7942
58.793
58.7918
58.7905
58.7893
58.7881
58.7868
58.7856
58.7844
58.7831
58.7819
58.7807
58.7794
58.7782
58.777
58.7757
58.7745
58.7733
58.772
58.7708
58.7696
58.7683
58.7671
58.7659
58.7646
58.7634
58.7622
58.7609
58.7597
58.7585
58.7572
58.756
58.7548
58.7535
58.7523
58.7511
58.7498
58.7486
58.7474
58.7461
58.7449
58.7437
58.7424
58.7412
58.74
58.7387
58.7375
58.7363
58.735
58.7338
58.7326
58.7313
58.7301
58.7289
58.7276
58.7264
58.7252
58.7239
58.7227
58.7215
58.7202
58.719
58.7178
58.7166
58.7153
58.7141
58.7129
58.7116
58.7104
58.7092
58.7079
58.7067
58.7055
58.7042
58.703
58.7018
58.7005
58.6993
58.6981
58.6968
58.6956
58.6944
58.6931
58.6919
58.6907
58.6894
58.6882
58.687
58.6858
58.6845
58.6833
58.6821
58.6808
58.6796
58.6784
58.6771
58.6759
58.6747
58.6734
58.6722
58.671
58.6697
58.6685
58.6673
58.666
58.6648
58.6636
58.6624
58.6611
58.6599
58.6587
58.6574
58.6562
58.655
58.6537
58.6525
58.6513
58.65
58.6488
58.6476
58.6463
58.6451
58.6439
58.6427
58.6414
58.6402
58.639
58.6377
58.6365
58.6353
58.634
58.6328
58.6316
58.6303
58.6291
58.6279
58.6267
58.6254
58.6242
58.623
58.6217
58.6205
58.6193
58.618
58.6168
58.6156
58.6144
58.6131
58.6119
58.6107
58.6094
58.6082
58.607
58.6057
58.6045
58.6033
58.6021
58.6008
58.5996
58.5984
58.5971
58.5959
58.5947
58.5934
58.5922
58.591
58.5898
58.5885
58.5873
58.5861
58.5848
58.5836
58.5824
58.5812
58.5799
58.5787
58.5775
58.5762
58.575
58.5738
58.5725
58.5713
58.5701
58.5689
58.5676
58.5664
58.5652
58.5639
58.5627
58.5615
58.5602
58.559
58.5578
58.5566
58.5553
58.5541
58.5529
58.5516
58.5504
58.5492
58.548
58.5467
58.5455
58.5443
58.543
58.5418
58.5406
58.5394
58.5381
58.5369
58.5357
58.5344
58.5332
58.532
58.5308
58.5295
58.5283
58.5271
58.5258
58.5246
58.5234
58.5222
58.5209
58.5197
58.5185
58.5173
58.516
58.5148
58.5136
58.5123
58.5111
58.5099
58.5087
58.5074
58.5062
58.505
58.5037
58.5025
58.5013
58.5001
58.4988
58.4976
58.4964
58.4951
58.4939
58.4927
58.4915
58.4902
58.489
58.4878
58.4865
58.4853
58.4841
58.4829
58.4816
58.4804
58.4792
58.478
58.4767
58.4755
58.4743
58.473
58.4718
58.4706
58.4694
58.4681
58.4669
58.4657
58.4645
58.4632
58.462
58.4608
58.4595
58.4583
58.4571
58.4559
58.4546
58.4534
58.4522
58.451
58.4497
58.4485
58.4473
58.4461
58.4448
58.4436
58.4424
58.4412
58.4399
58.4387
58.4375
58.4362
58.435
58.4338
58.4326
58.4313
58.4301
58.4289
58.4277
58.4264
58.4252
58.424
58.4228
58.4215
58.4203
58.4191
58.4179
58.4166
58.4154
58.4142
58.4129
58.4117
58.4105
58.4093
58.408
58.4068
58.4056
58.4044
58.4031
58.4019
58.4007
58.3995
58.3982
58.397
58.3958
58.3946
58.3933
58.3921
58.3909
58.3897
58.3884
58.3872
58.386
58.3848
58.3835
58.3823
58.3811
58.3799
58.3786
58.3774
58.3762
58.375
58.3737
58.3725
58.3713
58.3701
58.3688
58.3676
58.3664
58.3652
58.3639
58.3627
58.3615
58.3603
58.359
58.3578
58.3566
58.3554
58.3541
58.3529
58.3517
58.3505
58.3492
58.348
58.3468
58.3456
58.3443
58.3431
58.3419
58.3407
58.3394
58.3382
58.337
58.3358
58.3345
58.3333
58.3321
58.3309
58.3296
58.3284
58.3272
58.326
58.3247
58.3235
58.3223
58.3211
58.3198
58.3186
58.3174
58.3162
58.3149
58.3137
58.3125
58.3113
58.3101
58.3088
58.3076
58.3064
58.3052
58.3039
58.3027
58.3015
58.3003
58.299
58.2978
58.2966
58.2954
58.2941
58.2929
58.2917
58.2905
58.2893
58.288
58.2868
58.2856
58.2844
58.2831
58.2819
58.2807
58.2795
58.2782
58.277
58.2758
58.2746
58.2734
58.2721
58.2709
58.2697
58.2685
58.2672
58.266
58.2648
58.2636
58.2623
58.2611
58.2599
58.2587
58.2574
58.2562
58.255
58.2538
58.2526
58.2513
58.2501
58.2489
58.2477
58.2464
58.2452
58.244
58.2428
58.2416
58.2403
58.2391
58.2379
58.2367
58.2354
58.2342
58.233
58.2318
58.2306
58.2293
58.2281
58.2269
58.2257
58.2244
58.2232
58.222
58.2208
58.2196
58.2183
58.2171
58.2159
58.2147
58.2134
58.2122
58.211
58.2098
58.2086
58.2073
58.2061
58.2049
58.2037
58.2025
58.2012
58.2
58.1988
58.1976
58.1964
58.1951
58.1939
58.1927
58.1915
58.1902
58.189
58.1878
58.1866
58.1854
58.1841
58.1829
58.1817
58.1805
58.1792
58.178
58.1768
58.1756
58.1744
58.1731
58.1719
58.1707
58.1695
58.1683
58.167
58.1658
58.1646
58.1634
58.1622
58.1609
58.1597
58.1585
58.1573
58.1561
58.1548
58.1536
58.1524
58.1512
58.15
58.1487
58.1475
58.1463
58.1451
58.1438
58.1426
58.1414
58.1402
58.139
58.1377
58.1365
58.1353
58.1341
58.1329
58.1316
58.1304
58.1292
58.128
58.1268
58.1255
58.1243
58.1231
58.1219
58.1207
58.1194
58.1182
58.117
58.1158
58.1146
58.1133
58.1121
58.1109
58.1097
58.1085
58.1073
58.106
58.1048
58.1036
58.1024
58.1012
58.0999
58.0987
58.0975
58.0963
58.0951
58.0938
58.0926
58.0914
58.0902
58.089
58.0877
58.0865
58.0853
58.0841
58.0829
58.0816
58.0804
58.0792
58.078
58.0768
58.0756
58.0743
58.0731
58.0719
58.0707
58.0695
58.0682
58.067
58.0658
58.0646
58.0634
58.0621
58.0609
58.0597
58.0585
58.0573
58.056
58.0548
58.0536
58.0524
58.0512
58.05
58.0487
58.0475
58.0463
58.0451
58.0439
58.0426
58.0414
58.0402
58.039
58.0378
58.0366
58.0353
58.0341
58.0329
58.0317
58.0305
58.0292
58.028
58.0268
58.0256
58.0244
58.0232
58.0219
58.0207
58.0195
58.0183
58.0171
58.0159
58.0146
58.0134
58.0122
58.011
58.0098
58.0085
58.0073
58.0061
58.0049
58.0037
58.0025
58.0012
58
57.9988
57.9976
57.9964
57.9952
57.9939
57.9927
57.9915
57.9903
57.9891
57.9879
57.9866
57.9854
57.9842
57.983
57.9818
57.9805
57.9793
57.9781
57.9769
57.9757
57.9745
57.9732
57.972
57.9708
57.9696
57.9684
57.9672
57.966
57.9647
57.9635
57.9623
57.9611
57.9599
57.9587
57.9574
57.9562
57.955
57.9538
57.9526
57.9514
57.9501
57.9489
57.9477
57.9465
57.9453
57.9441
57.9428
57.9416
57.9404
57.9392
57.938
57.9368
57.9355
57.9343
57.9331
57.9319
57.9307
57.9295
57.9282
57.927
57.9258
57.9246
57.9234
57.9222
57.921
57.9197
57.9185
57.9173
57.9161
57.9149
57.9137
57.9124
57.9112
57.91
57.9088
57.9076
57.9064
57.9052
57.9039
57.9027
57.9015
57.9003
57.8991
57.8979
57.8966
57.8954
57.8942
57.893
57.8918
57.8906
57.8894
57.8881
57.8869
57.8857
57.8845
57.8833
57.8821
57.8808
57.8796
57.8784
57.8772
57.876
57.8748
57.8736
57.8723
57.8711
57.8699
57.8687
57.8675
57.8663
57.8651
57.8638
57.8626
57.8614
57.8602
57.859
57.8578
57.8566
57.8553
57.8541
57.8529
57.8517
57.8505
57.8493
57.8481
57.8468
57.8456
57.8444
57.8432
57.842
57.8408
57.8396
57.8383
57.8371
57.8359
57.8347
57.8335
57.8323
57.8311
57.8298
57.8286
57.8274
57.8262
57.825
57.8238
57.8226
57.8214
57.8201
57.8189
57.8177
57.8165
57.8153
57.8141
57.8129
57.8116
57.8104
57.8092
57.808
57.8068
57.8056
57.8044
57.8032
57.8019
57.8007
57.7995
57.7983
57.7971
57.7959
57.7947
57.7934
57.7922
57.791
57.7898
57.7886
57.7874
57.7862
57.785
57.7837
57.7825
57.7813
57.7801
57.7789
57.7777
57.7765
57.7753
57.774
57.7728
57.7716
57.7704
57.7692
57.768
57.7668
57.7656
57.7643
57.7631
57.7619
57.7607
57.7595
57.7583
57.7571
57.7559
57.7546
57.7534
57.7522
57.751
57.7498
57.7486
57.7474
57.7462
57.7449
57.7437
57.7425
57.7413
57.7401
57.7389
57.7377
57.7365
57.7353
57.734
57.7328
57.7316
57.7304
57.7292
57.728
57.7268
57.7256
57.7243
57.7231
57.7219
57.7207
57.7195
57.7183
57.7171
57.7159
57.7147
57.7134
57.7122
57.711
57.7098
57.7086
57.7074
57.7062
57.705
57.7038
57.7025
57.7013
57.7001
57.6989
57.6977
57.6965
57.6953
57.6941
57.6929
57.6916
57.6904
57.6892
57.688
57.6868
57.6856
57.6844
57.6832
57.682
57.6808
57.6795
57.6783
57.6771
57.6759
57.6747
57.6735
57.6723
57.6711
57.6699
57.6686
57.6674
57.6662
57.665
57.6638
57.6626
57.6614
57.6602
57.659
57.6578
57.6565
57.6553
57.6541
57.6529
57.6517
57.6505
57.6493
57.6481
57.6469
57.6457
57.6444
57.6432
57.642
57.6408
57.6396
57.6384
57.6372
57.636
57.6348
57.6336
57.6323
57.6311
57.6299
57.6287
57.6275
57.6263
57.6251
57.6239
57.6227
57.6215
57.6203
57.619
57.6178
57.6166
57.6154
57.6142
57.613
57.6118
57.6106
57.6094
57.6082
57.6069
57.6057
57.6045
57.6033
57.6021
57.6009
57.5997
57.5985
57.5973
57.5961
57.5949
57.5937
57.5924
57.5912
57.59
57.5888
57.5876
57.5864
57.5852
57.584
57.5828
57.5816
57.5804
57.5791
57.5779
57.5767
57.5755
57.5743
57.5731
57.5719
57.5707
57.5695
57.5683
57.5671
57.5659
57.5646
57.5634
57.5622
57.561
57.5598
57.5586
57.5574
57.5562
57.555
57.5538
57.5526
57.5514
57.5502
57.5489
57.5477
57.5465
57.5453
57.5441
57.5429
57.5417
57.5405
57.5393
57.5381
57.5369
57.5357
57.5345
57.5332
57.532
57.5308
57.5296
57.5284
57.5272
57.526
57.5248
57.5236
57.5224
57.5212
57.52
57.5188
57.5175
57.5163
57.5151
57.5139
57.5127
57.5115
57.5103
57.5091
57.5079
57.5067
57.5055
57.5043
57.5031
57.5019
57.5006
57.4994
57.4982
57.497
57.4958
57.4946
57.4934
57.4922
57.491
57.4898
57.4886
57.4874
57.4862
57.485
57.4838
57.4825
57.4813
57.4801
57.4789
57.4777
57.4765
57.4753
57.4741
57.4729
57.4717
57.4705
57.4693
57.4681
57.4669
57.4657
57.4645
57.4632
57.462
57.4608
57.4596
57.4584
57.4572
57.456
57.4548
57.4536
57.4524
57.4512
57.45
57.4488
57.4476
57.4464
57.4452
57.444
57.4427
57.4415
57.4403
57.4391
57.4379
57.4367
57.4355
57.4343
57.4331
57.4319
57.4307
57.4295
57.4283
57.4271
57.4259
57.4247
57.4235
57.4223
57.4211
57.4198
57.4186
57.4174
57.4162
57.415
57.4138
57.4126
57.4114
57.4102
57.409
57.4078
57.4066
57.4054
57.4042
57.403
57.4018
57.4006
57.3994
57.3982
57.3969
57.3957
57.3945
57.3933
57.3921
57.3909
57.3897
57.3885
57.3873
57.3861
57.3849
57.3837
57.3825
57.3813
57.3801
57.3789
57.3777
57.3765
57.3753
57.3741
57.3729
57.3717
57.3705
57.3693
57.368
57.3668
57.3656
57.3644
57.3632
57.362
57.3608
57.3596
57.3584
57.3572
57.356
57.3548
57.3536
57.3524
57.3512
57.35
57.3488
57.3476
57.3464
57.3452
57.344
57.3428
57.3416
57.3404
57.3392
57.338
57.3368
57.3355
57.3343
57.3331
57.3319
57.3307
57.3295
57.3283
57.3271
57.3259
57.3247
57.3235
57.3223
57.3211
57.3199
57.3187
57.3175
57.3163
57.3151
57.3139
57.3127
57.3115
57.3103
57.3091
57.3079
57.3067
57.3055
57.3043
57.3031
57.3019
57.3007
57.2995
57.2983
57.2971
57.2958
57.2946
57.2934
57.2922
57.291
57.2898
57.2886
57.2874
57.2862
57.285
57.2838
57.2826
57.2814
57.2802
57.279
57.2778
57.2766
57.2754
57.2742
57.273
57.2718
57.2706
57.2694
57.2682
57.267
57.2658
57.2646
57.2634
57.2622
57.261
57.2598
57.2586
57.2574
57.2562
57.255
57.2538
57.2526
57.2514
57.2502
57.249
57.2478
57.2466
57.2454
57.2442
57.243
57.2418
57.2406
57.2394
57.2382
57.237
57.2358
57.2346
57.2333
57.2322
57.2309
57.2297
57.2285
57.2273
57.2261
57.2249
57.2237
57.2225
57.2213
57.2201
57.2189
57.2177
57.2165
57.2153
57.2141
57.2129
57.2117
57.2105
57.2093
57.2081
57.2069
57.2057
57.2045
57.2033
57.2021
57.2009
57.1997
57.1985
57.1973
57.1961
57.1949
57.1937
57.1925
57.1913
57.1901
57.1889
57.1877
57.1865
57.1853
57.1841
57.1829
57.1817
57.1805
57.1793
57.1781
57.1769
57.1757
57.1745
57.1733
57.1721
57.1709
57.1697
57.1685
57.1673
57.1661
57.1649
57.1637
57.1625
57.1613
57.1601
57.1589
57.1577
57.1565
57.1553
57.1541
57.1529
57.1517
57.1505
57.1493
57.1481
57.1469
57.1457
57.1445
57.1433
57.1421
57.1409
57.1397
57.1385
57.1373
57.1361
57.1349
57.1337
57.1325
57.1313
57.1301
57.1289
57.1277
57.1265
57.1253
57.1241
57.1229
57.1217
57.1205
57.1193
57.1181
57.1169
57.1157
57.1146
57.1134
57.1122
57.111
57.1098
57.1086
57.1074
57.1062
57.105
57.1038
57.1026
57.1014
57.1002
57.099
57.0978
57.0966
57.0954
57.0942
57.093
57.0918
57.0906
57.0894
57.0882
57.087
57.0858
57.0846
57.0834
57.0822
57.081
57.0798
57.0786
57.0774
57.0762
57.075
57.0738
57.0726
57.0714
57.0702
57.069
57.0678
57.0666
57.0654
57.0642
57.063
57.0618
57.0606
57.0594
57.0582
57.057
57.0558
57.0546
57.0535
57.0522
57.0511
57.0499
57.0487
57.0475
57.0463
57.0451
57.0439
57.0427
57.0415
57.0403
57.0391
57.0379
57.0367
57.0355
57.0343
57.0331
57.0319
57.0307
57.0295
57.0283
57.0271
57.0259
57.0247
57.0235
57.0223
57.0211
57.0199
57.0187
57.0175
57.0163
57.0151
57.0139
57.0127
57.0116
57.0104
57.0092
57.008
57.0068
57.0056
57.0044
57.0032
57.002
57.0008
56.9996
56.9984
56.9972
56.996
56.9948
56.9936
56.9924
56.9912
56.99
56.9888
56.9876
56.9864
56.9852
56.984
56.9828
56.9816
56.9804
56.9793
56.9781
56.9769
56.9757
56.9745
56.9733
56.9721
56.9709
56.9697
56.9685
56.9673
56.9661
56.9649
56.9637
56.9625
56.9613
56.9601
56.9589
56.9577
56.9565
56.9553
56.9541
56.9529
56.9518
56.9506
56.9494
56.9482
56.947
56.9458
56.9446
56.9434
56.9422
56.941
56.9398
56.9386
56.9374
56.9362
56.935
56.9338
56.9326
56.9314
56.9302
56.929
56.9278
56.9267
56.9255
56.9243
56.9231
56.9219
56.9207
56.9195
56.9183
56.9171
56.9159
56.9147
56.9135
56.9123
56.9111
56.9099
56.9087
56.9075
56.9063
56.9052
56.904
56.9028
56.9016
56.9004
56.8992
56.898
56.8968
56.8956
56.8944
56.8932
56.892
56.8908
56.8896
56.8884
56.8872
56.8861
56.8849
56.8837
56.8825
56.8813
56.8801
56.8789
56.8777
56.8765
56.8753
56.8741
56.8729
56.8717
56.8705
56.8693
56.8681
56.867
56.8658
56.8646
56.8634
56.8622
56.861
56.8598
56.8586
56.8574
56.8562
56.855
56.8538
56.8526
56.8514
56.8502
56.849
56.8479
56.8467
56.8455
56.8443
56.8431
56.8419
56.8407
56.8395
56.8383
56.8371
56.8359
56.8347
56.8335
56.8323
56.8312
56.83
56.8288
56.8276
56.8264
56.8252
56.824
56.8228
56.8216
56.8204
56.8192
56.818
56.8168
56.8157
56.8145
56.8133
56.8121
56.8109
56.8097
56.8085
56.8073
56.8061
56.8049
56.8037
56.8025
56.8013
56.8002
56.799
56.7978
56.7966
56.7954
56.7942
56.793
56.7918
56.7906
56.7894
56.7882
56.787
56.7858
56.7847
56.7835
56.7823
56.7811
56.7799
56.7787
56.7775
56.7763
56.7751
56.7739
56.7727
56.7715
56.7704
56.7692
56.768
56.7668
56.7656
56.7644
56.7632
56.762
56.7608
56.7596
56.7584
56.7572
56.7561
56.7549
56.7537
56.7525
56.7513
56.7501
56.7489
56.7477
56.7465
56.7453
56.7441
56.743
56.7418
56.7406
56.7394
56.7382
56.737
56.7358
56.7346
56.7334
56.7322
56.731
56.7299
56.7287
56.7275
56.7263
56.7251
56.7239
56.7227
56.7215
56.7203
56.7191
56.718
56.7168
56.7156
56.7144
56.7132
56.712
56.7108
56.7096
56.7084
56.7072
56.7061
56.7049
56.7037
56.7025
56.7013
56.7001
56.6989
56.6977
56.6965
56.6953
56.6941
56.693
56.6918
56.6906
56.6894
56.6882
56.687
56.6858
56.6846
56.6834
56.6822
56.6811
56.6799
56.6787
56.6775
56.6763
56.6751
56.6739
56.6727
56.6715
56.6704
56.6692
56.668
56.6668
56.6656
56.6644
56.6632
56.662
56.6608
56.6597
56.6585
56.6573
56.6561
56.6549
56.6537
56.6525
56.6513
56.6501
56.6489
56.6478
56.6466
56.6454
56.6442
56.643
56.6418
56.6406
56.6394
56.6383
56.6371
56.6359
56.6347
56.6335
56.6323
56.6311
56.6299
56.6287
56.6276
56.6264
56.6252
56.624
56.6228
56.6216
56.6204
56.6192
56.618
56.6169
56.6157
56.6145
56.6133
56.6121
56.6109
56.6097
56.6085
56.6074
56.6062
56.605
56.6038
56.6026
56.6014
56.6002
56.599
56.5978
56.5967
56.5955
56.5943
56.5931
56.5919
56.5907
56.5895
56.5883
56.5872
56.586
56.5848
56.5836
56.5824
56.5812
56.58
56.5788
56.5777
56.5765
56.5753
56.5741
56.5729
56.5717
56.5705
56.5693
56.5682
56.567
56.5658
56.5646
56.5634
56.5622
56.561
56.5598
56.5587
56.5575
56.5563
56.5551
56.5539
56.5527
56.5515
56.5504
56.5492
56.548
56.5468
56.5456
56.5444
56.5432
56.542
56.5409
56.5397
56.5385
56.5373
56.5361
56.5349
56.5337
56.5326
56.5314
56.5302
56.529
56.5278
56.5266
56.5254
56.5242
56.5231
56.5219
56.5207
56.5195
56.5183
56.5171
56.5159
56.5148
56.5136
56.5124
56.5112
56.51
56.5088
56.5076
56.5065
56.5053
56.5041
56.5029
56.5017
56.5005
56.4993
56.4981
56.497
56.4958
56.4946
56.4934
56.4922
56.491
56.4898
56.4887
56.4875
56.4863
56.4851
56.4839
56.4827
56.4816
56.4804
56.4792
56.478
56.4768
56.4756
56.4744
56.4733
56.4721
56.4709
56.4697
56.4685
56.4673
56.4661
56.465
56.4638
56.4626
56.4614
56.4602
56.459
56.4578
56.4567
56.4555
56.4543
56.4531
56.4519
56.4507
56.4496
56.4484
56.4472
56.446
56.4448
56.4436
56.4424
56.4413
56.4401
56.4389
56.4377
56.4365
56.4353
56.4342
56.433
56.4318
56.4306
56.4294
56.4282
56.427
56.4259
56.4247
56.4235
56.4223
56.4211
56.4199
56.4188
56.4176
56.4164
56.4152
56.414
56.4128
56.4117
56.4105
56.4093
56.4081
56.4069
56.4057
56.4045
56.4034
56.4022
56.401
56.3998
56.3986
56.3974
56.3963
56.3951
56.3939
56.3927
56.3915
56.3903
56.3892
56.388
56.3868
56.3856
56.3844
56.3832
56.3821
56.3809
56.3797
56.3785
56.3773
56.3761
56.375
56.3738
56.3726
56.3714
56.3702
56.369
56.3679
56.3667
56.3655
56.3643
56.3631
56.3619
56.3608
56.3596
56.3584
56.3572
56.356
56.3549
56.3537
56.3525
56.3513
56.3501
56.3489
56.3478
56.3466
56.3454
56.3442
56.343
56.3418
56.3407
56.3395
56.3383
56.3371
56.3359
56.3347
56.3336
56.3324
56.3312
56.33
56.3288
56.3277
56.3265
56.3253
56.3241
56.3229
56.3217
56.3206
56.3194
56.3182
56.317
56.3158
56.3147
56.3135
56.3123
56.3111
56.3099
56.3087
56.3076
56.3064
56.3052
56.304
56.3028
56.3017
56.3005
56.2993
56.2981
56.2969
56.2957
56.2946
56.2934
56.2922
56.291
56.2898
56.2887
56.2875
56.2863
56.2851
56.2839
56.2827
56.2816
56.2804
56.2792
56.278
56.2768
56.2757
56.2745
56.2733
56.2721
56.2709
56.2698
56.2686
56.2674
56.2662
56.265
56.2638
56.2627
56.2615
56.2603
56.2591
56.2579
56.2568
56.2556
56.2544
56.2532
56.252
56.2509
56.2497
56.2485
56.2473
56.2461
56.245
56.2438
56.2426
56.2414
56.2402
56.2391
56.2379
56.2367
56.2355
56.2343
56.2332
56.232
56.2308
56.2296
56.2284
56.2273
56.2261
56.2249
56.2237
56.2225
56.2213
56.2202
56.219
56.2178
56.2166
56.2155
56.2143
56.2131
56.2119
56.2107
56.2095
56.2084
56.2072
56.206
56.2048
56.2037
56.2025
56.2013
56.2001
56.1989
56.1978
56.1966
56.1954
56.1942
56.193
56.1919
56.1907
56.1895
56.1883
56.1871
56.186
56.1848
56.1836
56.1824
56.1812
56.1801
56.1789
56.1777
56.1765
56.1754
56.1742
56.173
56.1718
56.1706
56.1695
56.1683
56.1671
56.1659
56.1647
56.1636
56.1624
56.1612
56.16
56.1588
56.1577
56.1565
56.1553
56.1541
56.153
56.1518
56.1506
56.1494
56.1482
56.1471
56.1459
56.1447
56.1435
56.1423
56.1412
56.14
56.1388
56.1376
56.1365
56.1353
56.1341
56.1329
56.1317
56.1306
56.1294
56.1282
56.127
56.1259
56.1247
56.1235
56.1223
56.1211
56.12
56.1188
56.1176
56.1164
56.1153
56.1141
56.1129
56.1117
56.1105
56.1094
56.1082
56.107
56.1058
56.1047
56.1035
56.1023
56.1011
56.0999
56.0988
56.0976
56.0964
56.0952
56.0941
56.0929
56.0917
56.0905
56.0893
56.0882
56.087
56.0858
56.0846
56.0835
56.0823
56.0811
56.0799
56.0788
56.0776
56.0764
56.0752
56.074
56.0729
56.0717
56.0705
56.0693
56.0682
56.067
56.0658
56.0646
56.0635
56.0623
56.0611
56.0599
56.0587
56.0576
56.0564
56.0552
56.054
56.0529
56.0517
56.0505
56.0493
56.0482
56.047
56.0458
56.0446
56.0435
56.0423
56.0411
56.0399
56.0388
56.0376
56.0364
56.0352
56.034
56.0329
56.0317
56.0305
56.0293
56.0282
56.027
56.0258
56.0246
56.0235
56.0223
56.0211
56.0199
56.0188
56.0176
56.0164
56.0152
56.0141
56.0129
56.0117
56.0105
56.0094
56.0082
56.007
56.0058
56.0047
56.0035
56.0023
56.0011
56
55.9988
55.9976
55.9964
55.9952
55.9941
55.9929
55.9917
55.9905
55.9894
55.9882
55.987
55.9858
55.9847
55.9835
55.9823
55.9811
55.98
55.9788
55.9776
55.9764
55.9753
55.9741
55.9729
55.9717
55.9706
55.9694
55.9682
55.9671
55.9659
55.9647
55.9635
55.9623
55.9612
55.96
55.9588
55.9577
55.9565
55.9553
55.9541
55.953
55.9518
55.9506
55.9494
55.9483
55.9471
55.9459
55.9447
55.9436
55.9424
55.9412
55.94
55.9389
55.9377
55.9365
55.9353
55.9342
55.933
55.9318
55.9306
55.9295
55.9283
55.9271
55.926
55.9248
55.9236
55.9224
55.9213
55.9201
55.9189
55.9177
55.9166
55.9154
55.9142
55.913
55.9119
55.9107
55.9095
55.9083
55.9072
55.906
55.9048
55.9037
55.9025
55.9013
55.9001
55.899
55.8978
55.8966
55.8954
55.8943
55.8931
55.8919
55.8907
55.8896
55.8884
55.8872
55.8861
55.8849
55.8837
55.8825
55.8814
55.8802
55.879
55.8778
55.8767
55.8755
55.8743
55.8732
55.872
55.8708
55.8696
55.8685
55.8673
55.8661
55.8649
55.8638
55.8626
55.8614
55.8603
55.8591
55.8579
55.8567
55.8556
55.8544
55.8532
55.8521
55.8509
55.8497
55.8485
55.8474
55.8462
55.845
55.8438
55.8427
55.8415
55.8403
55.8392
55.838
55.8368
55.8356
55.8345
55.8333
55.8321
55.831
55.8298
55.8286
55.8274
55.8263
55.8251
55.8239
55.8228
55.8216
55.8204
55.8192
55.8181
55.8169
55.8157
55.8145
55.8134
55.8122
55.811
55.8099
55.8087
55.8075
55.8064
55.8052
55.804
55.8028
55.8017
55.8005
55.7993
55.7982
55.797
55.7958
55.7946
55.7935
55.7923
55.7911
55.79
55.7888
55.7876
55.7864
55.7853
55.7841
55.7829
55.7818
55.7806
55.7794
55.7782
55.7771
55.7759
55.7747
55.7736
55.7724
55.7712
55.7701
55.7689
55.7677
55.7665
55.7654
55.7642
55.763
55.7619
55.7607
55.7595
55.7584
55.7572
55.756
55.7548
55.7537
55.7525
55.7513
55.7502
55.749
55.7478
55.7466
55.7455
55.7443
55.7431
55.742
55.7408
55.7396
55.7385
55.7373
55.7361
55.735
55.7338
55.7326
55.7314
55.7303
55.7291
55.7279
55.7268
55.7256
55.7244
55.7233
55.7221
55.7209
55.7197
55.7186
55.7174
55.7162
55.7151
55.7139
55.7127
55.7116
55.7104
55.7092
55.708
55.7069
55.7057
55.7045
55.7034
55.7022
55.701
55.6999
55.6987
55.6975
55.6964
55.6952
55.694
55.6929
55.6917
55.6905
55.6893
55.6882
55.687
55.6858
55.6847
55.6835
55.6823
55.6812
55.68
55.6788
55.6777
55.6765
55.6753
55.6742
55.673
55.6718
55.6706
55.6695
55.6683
55.6671
55.666
55.6648
55.6636
55.6625
55.6613
55.6601
55.659
55.6578
55.6566
55.6555
55.6543
55.6531
55.652
55.6508
55.6496
55.6485
55.6473
55.6461
55.6449
55.6438
55.6426
55.6414
55.6403
55.6391
55.6379
55.6368
55.6356
55.6344
55.6333
55.6321
55.6309
55.6298
55.6286
55.6274
55.6263
55.6251
55.6239
55.6228
55.6216
55.6204
55.6193
55.6181
55.6169
55.6158
55.6146
55.6134
55.6123
55.6111
55.6099
55.6088
55.6076
55.6064
55.6053
55.6041
55.6029
55.6017
55.6006
55.5994
55.5983
55.5971
55.5959
55.5948
55.5936
55.5924
55.5913
55.5901
55.5889
55.5878
55.5866
55.5854
55.5843
55.5831
55.5819
55.5807
55.5796
55.5784
55.5773
55.5761
55.5749
55.5738
55.5726
55.5714
55.5703
55.5691
55.5679
55.5668
55.5656
55.5644
55.5633
55.5621
55.5609
55.5598
55.5586
55.5574
55.5563
55.5551
55.5539
55.5528
55.5516
55.5504
55.5493
55.5481
55.5469
55.5458
55.5446
55.5434
55.5423
55.5411
55.5399
55.5388
55.5376
55.5364
55.5353
55.5341
55.5329
55.5318
55.5306
55.5294
55.5283
55.5271
55.526
55.5248
55.5236
55.5225
55.5213
55.5201
55.519
55.5178
55.5166
55.5155
55.5143
55.5131
55.512
55.5108
55.5096
55.5085
55.5073
55.5061
55.505
55.5038
55.5026
55.5015
55.5003
55.4991
55.498
55.4968
55.4957
55.4945
55.4933
55.4922
55.491
55.4898
55.4887
55.4875
55.4863
55.4852
55.484
55.4828
55.4817
55.4805
55.4794
55.4782
55.477
55.4759
55.4747
55.4735
55.4724
55.4712
55.47
55.4689
55.4677
55.4665
55.4654
55.4642
55.4631
55.4619
55.4607
55.4596
55.4584
55.4572
55.4561
55.4549
55.4537
55.4526
55.4514
55.4503
55.4491
55.4479
55.4468
55.4456
55.4444
55.4433
55.4421
55.4409
55.4398
55.4386
55.4375
55.4363
55.4351
55.434
55.4328
55.4316
55.4305
55.4293
55.4281
55.427
55.4258
55.4247
55.4235
55.4223
55.4212
55.42
55.4188
55.4177
55.4165
55.4153
55.4142
55.413
55.4119
55.4107
55.4095
55.4084
55.4072
55.406
55.4049
55.4037
55.4026
55.4014
55.4002
55.3991
55.3979
55.3967
55.3956
55.3944
55.3933
55.3921
55.3909
55.3898
55.3886
55.3874
55.3863
55.3851
55.384
55.3828
55.3816
55.3805
55.3793
55.3781
55.377
55.3758
55.3747
55.3735
55.3723
55.3712
55.37
55.3688
55.3677
55.3665
55.3654
55.3642
55.363
55.3619
55.3607
55.3595
55.3584
55.3572
55.3561
55.3549
55.3537
55.3526
55.3514
55.3503
55.3491
55.3479
55.3468
55.3456
55.3444
55.3433
55.3421
55.341
55.3398
55.3386
55.3375
55.3363
55.3352
55.334
55.3328
55.3317
55.3305
55.3293
55.3282
55.327
55.3259
55.3247
55.3235
55.3224
55.3212
55.3201
55.3189
55.3177
55.3166
55.3154
55.3143
55.3131
55.3119
55.3108
55.3096
55.3084
55.3073
55.3061
55.305
55.3038
55.3026
55.3015
55.3003
55.2992
55.298
55.2968
55.2957
55.2945
55.2934
55.2922
55.291
55.2899
55.2887
55.2876
55.2864
55.2852
55.2841
55.2829
55.2818
55.2806
55.2794
55.2783
55.2771
55.276
55.2748
55.2736
55.2725
55.2713
55.2702
55.269
55.2678
55.2667
55.2655
55.2644
55.2632
55.262
55.2609
55.2597
55.2585
55.2574
55.2562
55.2551
55.2539
55.2528
55.2516
55.2504
55.2493
55.2481
55.247
55.2458
55.2446
55.2435
55.2423
55.2412
55.24
55.2388
55.2377
55.2365
55.2354
55.2342
55.233
55.2319
55.2307
55.2296
55.2284
55.2272
55.2261
55.2249
55.2238
55.2226
55.2215
55.2203
55.2191
55.218
55.2168
55.2157
55.2145
55.2133
55.2122
55.211
55.2099
55.2087
55.2075
55.2064
55.2052
55.2041
55.2029
55.2018
55.2006
55.1994
55.1983
55.1971
55.196
55.1948
55.1936
55.1925
55.1913
55.1902
55.189
55.1879
55.1867
55.1855
55.1844
55.1832
55.1821
55.1809
55.1797
55.1786
55.1774
55.1763
55.1751
55.174
55.1728
55.1716
55.1705
55.1693
55.1682
55.167
55.1658
55.1647
55.1635
55.1624
55.1612
55.1601
55.1589
55.1577
55.1566
55.1554
55.1543
55.1531
55.152
55.1508
55.1496
55.1485
55.1473
55.1462
55.145
55.1439
55.1427
55.1415
55.1404
55.1392
55.1381
55.1369
55.1357
55.1346
55.1334
55.1323
55.1311
55.13
55.1288
55.1277
55.1265
55.1253
55.1242
55.123
55.1219
55.1207
55.1196
55.1184
55.1172
55.1161
55.1149
55.1138
55.1126
55.1115
55.1103
55.1091
55.108
55.1068
55.1057
55.1045
55.1034
55.1022
55.101
55.0999
55.0987
55.0976
55.0964
55.0953
55.0941
55.0929
55.0918
55.0906
55.0895
55.0883
55.0872
55.086
55.0849
55.0837
55.0825
55.0814
55.0802
55.0791
55.0779
55.0768
55.0756
55.0745
55.0733
55.0721
55.071
55.0698
55.0687
55.0675
55.0664
55.0652
55.0641
55.0629
55.0617
55.0606
55.0594
55.0583
55.0571
55.056
55.0548
55.0537
55.0525
55.0513
55.0502
55.049
55.0479
55.0467
55.0456
55.0444
55.0433
55.0421
55.0409
55.0398
55.0386
55.0375
55.0363
55.0352
55.034
55.0329
55.0317
55.0305
55.0294
55.0282
55.0271
55.0259
55.0248
55.0236
55.0225
55.0213
55.0202
55.019
55.0178
55.0167
55.0155
55.0144
55.0132
55.0121
55.0109
55.0098
55.0086
55.0075
55.0063
55.0051
55.004
55.0028
55.0017
55.0005
54.9994
54.9982
54.9971
54.9959
54.9948
54.9936
54.9924
54.9913
54.9901
54.989
54.9878
54.9867
54.9855
54.9844
54.9832
54.9821
54.9809
54.9797
54.9786
54.9774
54.9763
54.9751
54.974
54.9728
54.9717
54.9705
54.9694
54.9682
54.9671
54.9659
54.9647
54.9636
54.9624
54.9613
54.9601
54.959
54.9578
54.9567
54.9555
54.9544
54.9532
54.9521
54.9509
54.9498
54.9486
54.9474
54.9463
54.9451
54.944
54.9428
54.9417
54.9405
54.9394
54.9382
54.9371
54.9359
54.9348
54.9336
54.9325
54.9313
54.9302
54.929
54.9278
54.9267
54.9255
54.9244
54.9232
54.9221
54.9209
54.9198
54.9186
54.9175
54.9163
54.9152
54.914
54.9129
54.9117
54.9106
54.9094
54.9082
54.9071
54.9059
54.9048
54.9036
54.9025
54.9013
54.9002
54.899
54.8979
54.8967
54.8956
54.8944
54.8933
54.8921
54.891
54.8898
54.8887
54.8875
54.8864
54.8852
54.8841
54.8829
54.8818
54.8806
54.8794
54.8783
54.8771
54.876
54.8748
54.8737
54.8725
54.8714
54.8702
54.8691
54.8679
54.8668
54.8656
54.8645
54.8633
54.8622
54.861
54.8599
54.8587
54.8576
54.8564
54.8553
54.8541
54.853
54.8518
54.8507
54.8495
54.8484
54.8472
54.8461
54.8449
54.8438
54.8426
54.8414
54.8403
54.8391
54.838
54.8368
54.8357
54.8345
54.8334
54.8322
54.8311
54.8299
54.8288
54.8276
54.8265
54.8253
54.8242
54.823
54.8219
54.8207
54.8196
54.8184
54.8173
54.8161
54.815
54.8138
54.8127
54.8115
54.8104
54.8092
54.8081
54.8069
54.8058
54.8046
54.8035
54.8023
54.8012
54.8
54.7989
54.7977
54.7966
54.7954
54.7943
54.7931
54.792
54.7908
54.7897
54.7885
54.7874
54.7862
54.7851
54.7839
54.7828
54.7816
54.7805
54.7793
54.7782
54.777
54.7759
54.7747
54.7736
54.7724
54.7713
54.7701
54.769
54.7678
54.7667
54.7655
54.7644
54.7632
54.7621
54.7609
54.7598
54.7586
54.7575
54.7563
54.7552
54.754
54.7529
54.7517
54.7506
54.7494
54.7483
54.7471
54.746
54.7449
54.7437
54.7425
54.7414
54.7402
54.7391
54.738
54.7368
54.7357
54.7345
54.7334
54.7322
54.7311
54.7299
54.7288
54.7276
54.7265
54.7253
54.7242
54.723
54.7219
54.7207
54.7196
54.7184
54.7173
54.7161
54.715
54.7138
54.7127
54.7115
54.7104
54.7092
54.7081
54.7069
54.7058
54.7047
54.7035
54.7024
54.7012
54.7001
54.6989
54.6978
54.6966
54.6955
54.6943
54.6932
54.692
54.6909
54.6897
54.6886
54.6874
54.6863
54.6851
54.684
54.6828
54.6817
54.6805
54.6794
54.6782
54.6771
54.676
54.6748
54.6737
54.6725
54.6714
54.6702
54.6691
54.6679
54.6668
54.6656
54.6645
54.6633
54.6622
54.661
54.6599
54.6587
54.6576
54.6564
54.6553
54.6542
54.653
54.6519
54.6507
54.6496
54.6484
54.6473
54.6461
54.645
54.6438
54.6427
54.6415
54.6404
54.6392
54.6381
54.6369
54.6358
54.6347
54.6335
54.6324
54.6312
54.6301
54.6289
54.6278
54.6266
54.6255
54.6243
54.6232
54.622
54.6209
54.6198
54.6186
54.6175
54.6163
54.6152
54.614
54.6129
54.6117
54.6106
54.6094
54.6083
54.6071
54.606
54.6049
54.6037
54.6026
54.6014
54.6003
54.5991
54.598
54.5968
54.5957
54.5945
54.5934
54.5922
54.5911
54.59
54.5888
54.5877
54.5865
54.5854
54.5842
54.5831
54.5819
54.5808
54.5796
54.5785
54.5773
54.5762
54.5751
54.5739
54.5728
54.5716
54.5705
54.5693
54.5682
54.567
54.5659
54.5648
54.5636
54.5625
54.5613
54.5602
54.559
54.5579
54.5567
54.5556
54.5544
54.5533
54.5522
54.551
54.5499
54.5487
54.5476
54.5464
54.5453
54.5441
54.543
54.5419
54.5407
54.5396
54.5384
54.5373
54.5361
54.535
54.5338
54.5327
54.5316
54.5304
54.5293
54.5281
54.527
54.5258
54.5247
54.5235
54.5224
54.5213
54.5201
54.519
54.5178
54.5167
54.5155
54.5144
54.5132
54.5121
54.511
54.5098
54.5087
54.5075
54.5064
54.5052
54.5041
54.5029
54.5018
54.5007
54.4995
54.4984
54.4972
54.4961
54.4949
54.4938
54.4927
54.4915
54.4904
54.4892
54.4881
54.4869
54.4858
54.4846
54.4835
54.4824
54.4812
54.4801
54.4789
54.4778
54.4766
54.4755
54.4743
54.4732
54.4721
54.4709
54.4698
54.4686
54.4675
54.4664
54.4652
54.4641
54.4629
54.4618
54.4606
54.4595
54.4584
54.4572
54.4561
54.4549
54.4538
54.4526
54.4515
54.4503
54.4492
54.4481
54.4469
54.4458
54.4446
54.4435
54.4423
54.4412
54.4401
54.4389
54.4378
54.4366
54.4355
54.4344
54.4332
54.4321
54.4309
54.4298
54.4286
54.4275
54.4264
54.4252
54.4241
54.4229
54.4218
54.4206
54.4195
54.4184
54.4172
54.4161
54.4149
54.4138
54.4127
54.4115
54.4104
54.4092
54.4081
54.4069
54.4058
54.4047
54.4035
54.4024
54.4012
54.4001
54.3989
54.3978
54.3967
54.3955
54.3944
54.3932
54.3921
54.391
54.3898
54.3887
54.3875
54.3864
54.3852
54.3841
54.383
54.3818
54.3807
54.3795
54.3784
54.3773
54.3761
54.375
54.3738
54.3727
54.3716
54.3704
54.3693
54.3681
54.367
54.3658
54.3647
54.3636
54.3624
54.3613
54.3601
54.359
54.3579
54.3567
54.3556
54.3544
54.3533
54.3522
54.351
54.3499
54.3487
54.3476
54.3465
54.3453
54.3442
54.343
54.3419
54.3407
54.3396
54.3385
54.3373
54.3362
54.335
54.3339
54.3328
54.3316
54.3305
54.3293
54.3282
54.3271
54.3259
54.3248
54.3236
54.3225
54.3214
54.3202
54.3191
54.3179
54.3168
54.3157
54.3145
54.3134
54.3122
54.3111
54.31
54.3088
54.3077
54.3065
54.3054
54.3043
54.3031
54.302
54.3008
54.2997
54.2986
54.2974
54.2963
54.2951
54.294
54.2929
54.2917
54.2906
54.2895
54.2883
54.2872
54.286
54.2849
54.2837
54.2826
54.2815
54.2803
54.2792
54.2781
54.2769
54.2758
54.2746
54.2735
54.2724
54.2712
54.2701
54.2689
54.2678
54.2667
54.2655
54.2644
54.2632
54.2621
54.261
54.2598
54.2587
54.2576
54.2564
54.2553
54.2541
54.253
54.2519
54.2507
54.2496
54.2484
54.2473
54.2462
54.245
54.2439
54.2428
54.2416
54.2405
54.2393
54.2382
54.2371
54.2359
54.2348
54.2336
54.2325
54.2314
54.2302
54.2291
54.228
54.2268
54.2257
54.2245
54.2234
54.2223
54.2211
54.22
54.2188
54.2177
54.2166
54.2154
54.2143
54.2132
54.212
54.2109
54.2097
54.2086
54.2075
54.2063
54.2052
54.2041
54.2029
54.2018
54.2006
54.1995
54.1984
54.1972
54.1961
54.195
54.1938
54.1927
54.1915
54.1904
54.1893
54.1881
54.187
54.1859
54.1847
54.1836
54.1824
54.1813
54.1802
54.179
54.1779
54.1768
54.1756
54.1745
54.1733
54.1722
54.1711
54.1699
54.1688
54.1677
54.1665
54.1654
54.1643
54.1631
54.162
54.1608
54.1597
54.1586
54.1574
54.1563
54.1552
54.154
54.1529
54.1517
54.1506
54.1495
54.1483
54.1472
54.1461
54.1449
54.1438
54.1427
54.1415
54.1404
54.1392
54.1381
54.137
54.1358
54.1347
54.1336
54.1324
54.1313
54.1302
54.129
54.1279
54.1268
54.1256
54.1245
54.1233
54.1222
54.1211
54.1199
54.1188
54.1177
54.1165
54.1154
54.1143
54.1131
54.112
54.1109
54.1097
54.1086
54.1074
54.1063
54.1052
54.104
54.1029
54.1018
54.1006
54.0995
54.0984
54.0972
54.0961
54.095
54.0938
54.0927
54.0915
54.0904
54.0893
54.0881
54.087
54.0859
54.0847
54.0836
54.0825
54.0813
54.0802
54.0791
54.0779
54.0768
54.0757
54.0745
54.0734
54.0723
54.0711
54.07
54.0688
54.0677
54.0666
54.0654
54.0643
54.0632
54.062
54.0609
54.0598
54.0586
54.0575
54.0564
54.0552
54.0541
54.053
54.0518
54.0507
54.0496
54.0484
54.0473
54.0462
54.045
54.0439
54.0428
54.0416
54.0405
54.0393
54.0382
54.0371
54.0359
54.0348
54.0337
54.0325
54.0314
54.0303
54.0291
54.028
54.0269
54.0257
54.0246
54.0235
54.0223
54.0212
54.0201
54.0189
54.0178
54.0167
54.0155
54.0144
54.0133
54.0121
54.011
54.0099
54.0087
54.0076
54.0065
54.0053
54.0042
54.0031
54.0019
54.0008
53.9997
53.9985
53.9974
53.9963
53.9951
53.994
53.9929
53.9917
53.9906
53.9895
53.9883
53.9872
53.9861
53.9849
53.9838
53.9827
53.9815
53.9804
53.9793
53.9781
53.977
53.9759
53.9747
53.9736
53.9725
53.9713
53.9702
53.9691
53.9679
53.9668
53.9657
53.9645
53.9634
53.9623
53.9611
53.96
53.9589
53.9577
53.9566
53.9555
53.9544
53.9532
53.9521
53.951
53.9498
53.9487
53.9476
53.9464
53.9453
53.9442
53.943
53.9419
53.9408
53.9396
53.9385
53.9374
53.9362
53.9351
53.934
53.9328
53.9317
53.9306
53.9294
53.9283
53.9272
53.926
53.9249
53.9238
53.9226
53.9215
53.9204
53.9193
53.9181
53.917
53.9159
53.9147
53.9136
53.9125
53.9113
53.9102
53.9091
53.9079
53.9068
53.9057
53.9045
53.9034
53.9023
53.9012
53.9
53.8989
53.8978
53.8966
53.8955
53.8944
53.8932
53.8921
53.891
53.8898
53.8887
53.8876
53.8864
53.8853
53.8842
53.8831
53.8819
53.8808
53.8797
53.8785
53.8774
53.8763
53.8751
53.874
53.8729
53.8717
53.8706
53.8695
53.8684
53.8672
53.8661
53.865
53.8638
53.8627
53.8616
53.8604
53.8593
53.8582
53.857
53.8559
53.8548
53.8537
53.8525
53.8514
53.8503
53.8491
53.848
53.8469
53.8457
53.8446
53.8435
53.8424
53.8412
53.8401
53.839
53.8378
53.8367
53.8356
53.8344
53.8333
53.8322
53.8311
53.8299
53.8288
53.8277
53.8265
53.8254
53.8243
53.8231
53.822
53.8209
53.8198
53.8186
53.8175
53.8164
53.8152
53.8141
53.813
53.8119
53.8107
53.8096
53.8085
53.8073
53.8062
53.8051
53.8039
53.8028
53.8017
53.8006
53.7994
53.7983
53.7972
53.796
53.7949
53.7938
53.7927
53.7915
53.7904
53.7893
53.7881
53.787
53.7859
53.7848
53.7836
53.7825
53.7814
53.7802
53.7791
53.778
53.7769
53.7757
53.7746
53.7735
53.7723
53.7712
53.7701
53.769
53.7678
53.7667
53.7656
53.7644
53.7633
53.7622
53.7611
53.7599
53.7588
53.7577
53.7565
53.7554
53.7543
53.7532
53.752
53.7509
53.7498
53.7486
53.7475
53.7464
53.7453
53.7441
53.743
53.7419
53.7407
53.7396
53.7385
53.7374
53.7362
53.7351
53.734
53.7329
53.7317
53.7306
53.7295
53.7283
53.7272
53.7261
53.725
53.7238
53.7227
53.7216
53.7204
53.7193
53.7182
53.7171
53.7159
53.7148
53.7137
53.7126
53.7114
53.7103
53.7092
53.708
53.7069
53.7058
53.7047
53.7035
53.7024
53.7013
53.7002
53.699
53.6979
53.6968
53.6956
53.6945
53.6934
53.6923
53.6911
53.69
53.6889
53.6878
53.6866
53.6855
53.6844
53.6833
53.6821
53.681
53.6799
53.6787
53.6776
53.6765
53.6754
53.6742
53.6731
53.672
53.6709
53.6697
53.6686
53.6675
53.6664
53.6652
53.6641
53.663
53.6618
53.6607
53.6596
53.6585
53.6573
53.6562
53.6551
53.654
53.6528
53.6517
53.6506
53.6495
53.6483
53.6472
53.6461
53.645
53.6438
53.6427
53.6416
53.6405
53.6393
53.6382
53.6371
53.6359
53.6348
53.6337
53.6326
53.6314
53.6303
53.6292
53.6281
53.6269
53.6258
53.6247
53.6236
53.6224
53.6213
53.6202
53.6191
53.6179
53.6168
53.6157
53.6146
53.6134
53.6123
53.6112
53.6101
53.6089
53.6078
53.6067
53.6056
53.6044
53.6033
53.6022
53.6011
53.5999
53.5988
53.5977
53.5966
53.5954
53.5943
53.5932
53.5921
53.5909
53.5898
53.5887
53.5876
53.5864
53.5853
53.5842
53.5831
53.5819
53.5808
53.5797
53.5786
53.5774
53.5763
53.5752
53.5741
53.5729
53.5718
53.5707
53.5696
53.5685
53.5673
53.5662
53.5651
53.564
53.5628
53.5617
53.5606
53.5595
53.5583
53.5572
53.5561
53.555
53.5538
53.5527
53.5516
53.5505
53.5493
53.5482
53.5471
53.546
53.5448
53.5437
53.5426
53.5415
53.5403
53.5392
53.5381
53.537
53.5359
53.5347
53.5336
53.5325
53.5314
53.5302
53.5291
53.528
53.5269
53.5257
53.5246
53.5235
53.5224
53.5213
53.5201
53.519
53.5179
53.5168
53.5156
53.5145
53.5134
53.5123
53.5111
53.51
53.5089
53.5078
53.5066
53.5055
53.5044
53.5033
53.5022
53.501
53.4999
53.4988
53.4977
53.4965
53.4954
53.4943
53.4932
53.4921
53.4909
53.4898
53.4887
53.4876
53.4864
53.4853
53.4842
53.4831
53.4819
53.4808
53.4797
53.4786
53.4775
53.4763
53.4752
53.4741
53.473
53.4718
53.4707
53.4696
53.4685
53.4674
53.4662
53.4651
53.464
53.4629
53.4617
53.4606
53.4595
53.4584
53.4573
53.4561
53.455
53.4539
53.4528
53.4516
53.4505
53.4494
53.4483
53.4472
53.446
53.4449
53.4438
53.4427
53.4416
53.4404
53.4393
53.4382
53.4371
53.4359
53.4348
53.4337
53.4326
53.4315
53.4303
53.4292
53.4281
53.427
53.4258
53.4247
53.4236
53.4225
53.4214
53.4202
53.4191
53.418
53.4169
53.4158
53.4146
53.4135
53.4124
53.4113
53.4102
53.409
53.4079
53.4068
53.4057
53.4045
53.4034
53.4023
53.4012
53.4001
53.3989
53.3978
53.3967
53.3956
53.3945
53.3933
53.3922
53.3911
53.39
53.3889
53.3877
53.3866
53.3855
53.3844
53.3833
53.3821
53.381
53.3799
53.3788
53.3777
53.3765
53.3754
53.3743
53.3732
53.3721
53.3709
53.3698
53.3687
53.3676
53.3665
53.3653
53.3642
53.3631
53.362
53.3609
53.3597
53.3586
53.3575
53.3564
53.3553
53.3541
53.353
53.3519
53.3508
53.3497
53.3485
53.3474
53.3463
53.3452
53.3441
53.3429
53.3418
53.3407
53.3396
53.3385
53.3373
53.3362
53.3351
53.334
53.3329
53.3317
53.3306
53.3295
53.3284
53.3273
53.3261
53.325
53.3239
53.3228
53.3217
53.3205
53.3194
53.3183
53.3172
53.3161
53.315
53.3138
53.3127
53.3116
53.3105
53.3094
53.3082
53.3071
53.306
53.3049
53.3038
53.3026
53.3015
53.3004
53.2993
53.2982
53.2971
53.2959
53.2948
53.2937
53.2926
53.2915
53.2903
53.2892
53.2881
53.287
53.2859
53.2848
53.2836
53.2825
53.2814
53.2803
53.2792
53.278
53.2769
53.2758
53.2747
53.2736
53.2724
53.2713
53.2702
53.2691
53.268
53.2669
53.2657
53.2646
53.2635
53.2624
53.2613
53.2602
53.259
53.2579
53.2568
53.2557
53.2546
53.2534
53.2523
53.2512
53.2501
53.249
53.2479
53.2467
53.2456
53.2445
53.2434
53.2423
53.2412
53.24
53.2389
53.2378
53.2367
53.2356
53.2344
53.2333
53.2322
53.2311
53.23
53.2289
53.2277
53.2266
53.2255
53.2244
53.2233
53.2222
53.221
53.2199
53.2188
53.2177
53.2166
53.2155
53.2143
53.2132
53.2121
53.211
53.2099
53.2088
53.2076
53.2065
53.2054
53.2043
53.2032
53.2021
53.2009
53.1998
53.1987
53.1976
53.1965
53.1954
53.1942
53.1931
53.192
53.1909
53.1898
53.1887
53.1875
53.1864
53.1853
53.1842
53.1831
53.182
53.1808
53.1797
53.1786
53.1775
53.1764
53.1753
53.1741
53.173
53.1719
53.1708
53.1697
53.1686
53.1674
53.1663
53.1652
53.1641
53.163
53.1619
53.1608
53.1596
53.1585
53.1574
53.1563
53.1552
53.1541
53.1529
53.1518
53.1507
53.1496
53.1485
53.1474
53.1463
53.1451
53.144
53.1429
53.1418
53.1407
53.1396
53.1384
53.1373
53.1362
53.1351
53.134
53.1329
53.1318
53.1306
53.1295
53.1284
53.1273
53.1262
53.1251
53.1239
53.1228
53.1217
53.1206
53.1195
53.1184
53.1173
53.1161
53.115
53.1139
53.1128
53.1117
53.1106
53.1095
53.1083
53.1072
53.1061
53.105
53.1039
53.1028
53.1017
53.1005
53.0994
53.0983
53.0972
53.0961
53.095
53.0939
53.0927
53.0916
53.0905
53.0894
53.0883
53.0872
53.0861
53.0849
53.0838
53.0827
53.0816
53.0805
53.0794
53.0783
53.0771
53.076
53.0749
53.0738
53.0727
53.0716
53.0705
53.0693
53.0682
53.0671
53.066
53.0649
53.0638
53.0627
53.0616
53.0604
53.0593
53.0582
53.0571
53.056
53.0549
53.0537
53.0526
53.0515
53.0504
53.0493
53.0482
53.0471
53.046
53.0448
53.0437
53.0426
53.0415
53.0404
53.0393
53.0382
53.0371
53.0359
53.0348
53.0337
53.0326
53.0315
53.0304
53.0293
53.0281
53.027
53.0259
53.0248
53.0237
53.0226
53.0215
53.0204
53.0192
53.0181
53.017
53.0159
53.0148
53.0137
53.0126
53.0115
53.0103
53.0092
53.0081
53.007
53.0059
53.0048
53.0037
53.0026
53.0014
53.0003
52.9992
52.9981
52.997
52.9959
52.9948
52.9937
52.9925
52.9914
52.9903
52.9892
52.9881
52.987
52.9859
52.9848
52.9836
52.9825
52.9814
52.9803
52.9792
52.9781
52.977
52.9759
52.9748
52.9736
52.9725
52.9714
52.9703
52.9692
52.9681
52.967
52.9659
52.9647
52.9636
52.9625
52.9614
52.9603
52.9592
52.9581
52.957
52.9558
52.9547
52.9536
52.9525
52.9514
52.9503
52.9492
52.9481
52.947
52.9459
52.9447
52.9436
52.9425
52.9414
52.9403
52.9392
52.9381
52.937
52.9359
52.9347
52.9336
52.9325
52.9314
52.9303
52.9292
52.9281
52.927
52.9258
52.9247
52.9236
52.9225
52.9214
52.9203
52.9192
52.9181
52.917
52.9159
52.9147
52.9136
52.9125
52.9114
52.9103
52.9092
52.9081
52.907
52.9059
52.9047
52.9036
52.9025
52.9014
52.9003
52.8992
52.8981
52.897
52.8959
52.8948
52.8936
52.8925
52.8914
52.8903
52.8892
52.8881
52.887
52.8859
52.8848
52.8837
52.8825
52.8814
52.8803
52.8792
52.8781
52.877
52.8759
52.8748
52.8737
52.8726
52.8714
52.8703
52.8692
52.8681
52.867
52.8659
52.8648
52.8637
52.8626
52.8615
52.8604
52.8592
52.8581
52.857
52.8559
52.8548
52.8537
52.8526
52.8515
52.8504
52.8493
52.8481
52.847
52.8459
52.8448
52.8437
52.8426
52.8415
52.8404
52.8393
52.8382
52.8371
52.836
52.8348
52.8337
52.8326
52.8315
52.8304
52.8293
52.8282
52.8271
52.826
52.8249
52.8238
52.8226
52.8215
52.8204
52.8193
52.8182
52.8171
52.816
52.8149
52.8138
52.8127
52.8116
52.8105
52.8093
52.8082
52.8071
52.806
52.8049
52.8038
52.8027
52.8016
52.8005
52.7994
52.7983
52.7972
52.796
52.7949
52.7938
52.7927
52.7916
52.7905
52.7894
52.7883
52.7872
52.7861
52.785
52.7839
52.7827
52.7816
52.7805
52.7794
52.7783
52.7772
52.7761
52.775
52.7739
52.7728
52.7717
52.7706
52.7695
52.7683
52.7672
52.7661
52.765
52.7639
52.7628
52.7617
52.7606
52.7595
52.7584
52.7573
52.7562
52.7551
52.754
52.7528
52.7517
52.7506
52.7495
52.7484
52.7473
52.7462
52.7451
52.744
52.7429
52.7418
52.7407
52.7396
52.7385
52.7373
52.7362
52.7351
52.734
52.7329
52.7318
52.7307
52.7296
52.7285
52.7274
52.7263
52.7252
52.7241
52.723
52.7219
52.7207
52.7196
52.7185
52.7174
52.7163
52.7152
52.7141
52.713
52.7119
52.7108
52.7097
52.7086
52.7075
52.7064
52.7053
52.7042
52.703
52.7019
52.7008
52.6997
52.6986
52.6975
52.6964
52.6953
52.6942
52.6931
52.692
52.6909
52.6898
52.6887
52.6876
52.6865
52.6854
52.6842
52.6831
52.682
52.6809
52.6798
52.6787
52.6776
52.6765
52.6754
52.6743
52.6732
52.6721
52.671
52.6699
52.6688
52.6677
52.6666
52.6654
52.6643
52.6632
52.6621
52.661
52.6599
52.6588
52.6577
52.6566
52.6555
52.6544
52.6533
52.6522
52.6511
52.65
52.6489
52.6478
52.6467
52.6456
52.6444
52.6433
52.6422
52.6411
52.64
52.6389
52.6378
52.6367
52.6356
52.6345
52.6334
52.6323
52.6312
52.6301
52.629
52.6279
52.6268
52.6257
52.6246
52.6235
52.6224
52.6213
52.6201
52.619
52.6179
52.6168
52.6157
52.6146
52.6135
52.6124
52.6113
52.6102
52.6091
52.608
52.6069
52.6058
52.6047
52.6036
52.6025
52.6014
52.6003
52.5992
52.5981
52.597
52.5959
52.5948
52.5937
52.5925
52.5914
52.5903
52.5892
52.5881
52.587
52.5859
52.5848
52.5837
52.5826
52.5815
52.5804
52.5793
52.5782
52.5771
52.576
52.5749
52.5738
52.5727
52.5716
52.5705
52.5694
52.5683
52.5672
52.5661
52.565
52.5639
52.5628
52.5616
52.5605
52.5594
52.5583
52.5572
52.5561
52.555
52.5539
52.5528
52.5517
52.5506
52.5495
52.5484
52.5473
52.5462
52.5451
52.544
52.5429
52.5418
52.5407
52.5396
52.5385
52.5374
52.5363
52.5352
52.5341
52.533
52.5319
52.5308
52.5297
52.5286
52.5275
52.5264
52.5253
52.5242
52.5231
52.5219
52.5208
52.5197
52.5186
52.5175
52.5164
52.5153
52.5142
52.5131
52.512
52.5109
52.5098
52.5087
52.5076
52.5065
52.5054
52.5043
52.5032
52.5021
52.501
52.4999
52.4988
52.4977
52.4966
52.4955
52.4944
52.4933
52.4922
52.4911
52.49
52.4889
52.4878
52.4867
52.4856
52.4845
52.4834
52.4823
52.4812
52.4801
52.479
52.4779
52.4768
52.4757
52.4746
52.4735
52.4724
52.4713
52.4702
52.4691
52.468
52.4669
52.4658
52.4647
52.4636
52.4625
52.4614
52.4603
52.4592
52.458
52.457
52.4559
52.4547
52.4536
52.4525
52.4514
52.4503
52.4492
52.4481
52.447
52.4459
52.4448
52.4437
52.4426
52.4415
52.4404
52.4393
52.4382
52.4371
52.436
52.4349
52.4338
52.4327
52.4316
52.4305
52.4294
52.4283
52.4272
52.4261
52.425
52.4239
52.4228
52.4217
52.4206
52.4195
52.4184
52.4173
52.4162
52.4151
52.414
52.4129
52.4118
52.4107
52.4096
52.4085
52.4074
52.4063
52.4052
52.4041
52.403
52.4019
52.4008
52.3997
52.3986
52.3975
52.3964
52.3953
52.3942
52.3931
52.392
52.3909
52.3898
52.3887
52.3876
52.3865
52.3854
52.3843
52.3832
52.3821
52.381
52.3799
52.3788
52.3777
52.3766
52.3755
52.3744
52.3733
52.3722
52.3711
52.37
52.3689
52.3678
52.3667
52.3656
52.3645
52.3634
52.3623
52.3613
52.3602
52.3591
52.358
52.3569
52.3558
52.3547
52.3536
52.3525
52.3514
52.3503
52.3492
52.3481
52.347
52.3459
52.3448
52.3437
52.3426
52.3415
52.3404
52.3393
52.3382
52.3371
52.336
52.3349
52.3338
52.3327
52.3316
52.3305
52.3294
52.3283
52.3272
52.3261
52.325
52.3239
52.3228
52.3217
52.3206
52.3195
52.3184
52.3173
52.3162
52.3151
52.314
52.3129
52.3118
52.3107
52.3096
52.3085
52.3074
52.3063
52.3052
52.3041
52.303
52.3019
52.3008
52.2997
52.2986
52.2976
52.2965
52.2954
52.2943
52.2932
52.2921
52.291
52.2899
52.2888
52.2877
52.2866
52.2855
52.2844
52.2833
52.2822
52.2811
52.28
52.2789
52.2778
52.2767
52.2756
52.2745
52.2734
52.2723
52.2712
52.2701
52.269
52.2679
52.2668
52.2657
52.2646
52.2635
52.2624
52.2613
52.2602
52.2591
52.258
52.257
52.2559
52.2548
52.2537
52.2526
52.2515
52.2504
52.2493
52.2482
52.2471
52.246
52.2449
52.2438
52.2427
52.2416
52.2405
52.2394
52.2383
52.2372
52.2361
52.235
52.2339
52.2328
52.2317
52.2306
52.2295
52.2284
52.2273
52.2262
52.2252
52.2241
52.223
52.2219
52.2208
52.2197
52.2186
52.2175
52.2164
52.2153
52.2142
52.2131
52.212
52.2109
52.2098
52.2087
52.2076
52.2065
52.2054
52.2043
52.2032
52.2021
52.201
52.1999
52.1989
52.1978
52.1967
52.1956
52.1945
52.1934
52.1923
52.1912
52.1901
52.189
52.1879
52.1868
52.1857
52.1846
52.1835
52.1824
52.1813
52.1802
52.1791
52.178
52.1769
52.1759
52.1748
52.1737
52.1726
52.1715
52.1704
52.1693
52.1682
52.1671
52.166
52.1649
52.1638
52.1627
52.1616
52.1605
52.1594
52.1583
52.1572
52.1561
52.155
52.154
52.1529
52.1518
52.1507
52.1496
52.1485
52.1474
52.1463
52.1452
52.1441
52.143
52.1419
52.1408
52.1397
52.1386
52.1375
52.1364
52.1353
52.1343
52.1332
52.1321
52.131
52.1299
52.1288
52.1277
52.1266
52.1255
52.1244
52.1233
52.1222
52.1211
52.12
52.1189
52.1178
52.1168
52.1157
52.1146
52.1135
52.1124
52.1113
52.1102
52.1091
52.108
52.1069
52.1058
52.1047
52.1036
52.1025
52.1014
52.1003
52.0993
52.0982
52.0971
52.096
52.0949
52.0938
52.0927
52.0916
52.0905
52.0894
52.0883
52.0872
52.0861
52.085
52.0839
52.0829
52.0818
52.0807
52.0796
52.0785
52.0774
52.0763
52.0752
52.0741
52.073
52.0719
52.0708
52.0697
52.0686
52.0676
52.0665
52.0654
52.0643
52.0632
52.0621
52.061
52.0599
52.0588
52.0577
52.0566
52.0555
52.0544
52.0533
52.0522
52.0512
52.0501
52.049
52.0479
52.0468
52.0457
52.0446
52.0435
52.0424
52.0413
52.0402
52.0391
52.0381
52.037
52.0359
52.0348
52.0337
52.0326
52.0315
52.0304
52.0293
52.0282
52.0271
52.026
52.025
52.0239
52.0228
52.0217
52.0206
52.0195
52.0184
52.0173
52.0162
52.0151
52.014
52.0129
52.0118
52.0108
52.0097
52.0086
52.0075
52.0064
52.0053
52.0042
52.0031
52.002
52.0009
51.9998
51.9987
51.9977
51.9966
51.9955
51.9944
51.9933
51.9922
51.9911
51.99
51.9889
51.9878
51.9867
51.9857
51.9846
51.9835
51.9824
51.9813
51.9802
51.9791
51.978
51.9769
51.9758
51.9747
51.9737
51.9726
51.9715
51.9704
51.9693
51.9682
51.9671
51.966
51.9649
51.9638
51.9627
51.9617
51.9606
51.9595
51.9584
51.9573
51.9562
51.9551
51.954
51.9529
51.9518
51.9507
51.9497
51.9486
51.9475
51.9464
51.9453
51.9442
51.9431
51.942
51.9409
51.9398
51.9388
51.9377
51.9366
51.9355
51.9344
51.9333
51.9322
51.9311
51.93
51.929
51.9279
51.9268
51.9257
51.9246
51.9235
51.9224
51.9213
51.9202
51.9191
51.9181
51.917
51.9159
51.9148
51.9137
51.9126
51.9115
51.9104
51.9093
51.9082
51.9072
51.9061
51.905
51.9039
51.9028
51.9017
51.9006
51.8995
51.8984
51.8974
51.8963
51.8952
51.8941
51.893
51.8919
51.8908
51.8897
51.8886
51.8875
51.8865
51.8854
51.8843
51.8832
51.8821
51.881
51.8799
51.8788
51.8777
51.8767
51.8756
51.8745
51.8734
51.8723
51.8712
51.8701
51.869
51.8679
51.8669
51.8658
51.8647
51.8636
51.8625
51.8614
51.8603
51.8592
51.8582
51.8571
51.856
51.8549
51.8538
51.8527
51.8516
51.8505
51.8494
51.8484
51.8473
51.8462
51.8451
51.844
51.8429
51.8418
51.8407
51.8397
51.8386
51.8375
51.8364
51.8353
51.8342
51.8331
51.832
51.8309
51.8299
51.8288
51.8277
51.8266
51.8255
51.8244
51.8233
51.8222
51.8212
51.8201
51.819
51.8179
51.8168
51.8157
51.8146
51.8135
51.8125
51.8114
51.8103
51.8092
51.8081
51.807
51.8059
51.8048
51.8038
51.8027
51.8016
51.8005
51.7994
51.7983
51.7972
51.7962
51.7951
51.794
51.7929
51.7918
51.7907
51.7896
51.7885
51.7875
51.7864
51.7853
51.7842
51.7831
51.782
51.7809
51.7798
51.7788
51.7777
51.7766
51.7755
51.7744
51.7733
51.7722
51.7712
51.7701
51.769
51.7679
51.7668
51.7657
51.7646
51.7635
51.7625
51.7614
51.7603
51.7592
51.7581
51.757
51.7559
51.7549
51.7538
51.7527
51.7516
51.7505
51.7494
51.7483
51.7473
51.7462
51.7451
51.744
51.7429
51.7418
51.7407
51.7396
51.7386
51.7375
51.7364
51.7353
51.7342
51.7331
51.732
51.731
51.7299
51.7288
51.7277
51.7266
51.7255
51.7244
51.7234
51.7223
51.7212
51.7201
51.719
51.7179
51.7169
51.7158
51.7147
51.7136
51.7125
51.7114
51.7103
51.7093
51.7082
51.7071
51.706
51.7049
51.7038
51.7027
51.7017
51.7006
51.6995
51.6984
51.6973
51.6962
51.6951
51.6941
51.693
51.6919
51.6908
51.6897
51.6886
51.6876
51.6865
51.6854
51.6843
51.6832
51.6821
51.681
51.68
51.6789
51.6778
51.6767
51.6756
51.6745
51.6735
51.6724
51.6713
51.6702
51.6691
51.668
51.6669
51.6659
51.6648
51.6637
51.6626
51.6615
51.6604
51.6594
51.6583
51.6572
51.6561
51.655
51.6539
51.6528
51.6518
51.6507
51.6496
51.6485
51.6474
51.6463
51.6453
51.6442
51.6431
51.642
51.6409
51.6398
51.6388
51.6377
51.6366
51.6355
51.6344
51.6333
51.6323
51.6312
51.6301
51.629
51.6279
51.6268
51.6258
51.6247
51.6236
51.6225
51.6214
51.6203
51.6192
51.6182
51.6171
51.616
51.6149
51.6138
51.6127
51.6117
51.6106
51.6095
51.6084
51.6073
51.6063
51.6052
51.6041
51.603
51.6019
51.6008
51.5998
51.5987
51.5976
51.5965
51.5954
51.5943
51.5933
51.5922
51.5911
51.59
51.5889
51.5878
51.5868
51.5857
51.5846
51.5835
51.5824
51.5813
51.5803
51.5792
51.5781
51.577
51.5759
51.5749
51.5738
51.5727
51.5716
51.5705
51.5694
51.5684
51.5673
51.5662
51.5651
51.564
51.5629
51.5619
51.5608
51.5597
51.5586
51.5575
51.5564
51.5554
51.5543
51.5532
51.5521
51.551
51.55
51.5489
51.5478
51.5467
51.5456
51.5445
51.5435
51.5424
51.5413
51.5402
51.5391
51.5381
51.537
51.5359
51.5348
51.5337
51.5326
51.5316
51.5305
51.5294
51.5283
51.5272
51.5262
51.5251
51.524
51.5229
51.5218
51.5208
51.5197
51.5186
51.5175
51.5164
51.5153
51.5143
51.5132
51.5121
51.511
51.5099
51.5089
51.5078
51.5067
51.5056
51.5045
51.5035
51.5024
51.5013
51.5002
51.4991
51.4981
51.497
51.4959
51.4948
51.4937
51.4927
51.4916
51.4905
51.4894
51.4883
51.4872
51.4862
51.4851
51.484
51.4829
51.4818
51.4808
51.4797
51.4786
51.4775
51.4764
51.4754
51.4743
51.4732
51.4721
51.471
51.47
51.4689
51.4678
51.4667
51.4656
51.4646
51.4635
51.4624
51.4613
51.4602
51.4592
51.4581
51.457
51.4559
51.4548
51.4538
51.4527
51.4516
51.4505
51.4494
51.4484
51.4473
51.4462
51.4451
51.444
51.443
51.4419
51.4408
51.4397
51.4386
51.4376
51.4365
51.4354
51.4343
51.4332
51.4322
51.4311
51.43
51.4289
51.4278
51.4268
51.4257
51.4246
51.4235
51.4224
51.4214
51.4203
51.4192
51.4181
51.417
51.416
51.4149
51.4138
51.4127
51.4117
51.4106
51.4095
51.4084
51.4073
51.4063
51.4052
51.4041
51.403
51.4019
51.4009
51.3998
51.3987
51.3976
51.3966
51.3955
51.3944
51.3933
51.3922
51.3912
51.3901
51.389
51.3879
51.3868
51.3858
51.3847
51.3836
51.3825
51.3815
51.3804
51.3793
51.3782
51.3771
51.3761
51.375
51.3739
51.3728
51.3717
51.3707
51.3696
51.3685
51.3674
51.3664
51.3653
51.3642
51.3631
51.362
51.361
51.3599
51.3588
51.3577
51.3567
51.3556
51.3545
51.3534
51.3523
51.3513
51.3502
51.3491
51.348
51.347
51.3459
51.3448
51.3437
51.3426
51.3416
51.3405
51.3394
51.3383
51.3373
51.3362
51.3351
51.334
51.3329
51.3319
51.3308
51.3297
51.3286
51.3276
51.3265
51.3254
51.3243
51.3232
51.3222
51.3211
51.32
51.3189
51.3179
51.3168
51.3157
51.3146
51.3136
51.3125
51.3114
51.3103
51.3092
51.3082
51.3071
51.306
51.3049
51.3039
51.3028
51.3017
51.3006
51.2996
51.2985
51.2974
51.2963
51.2952
51.2942
51.2931
51.292
51.2909
51.2899
51.2888
51.2877
51.2866
51.2856
51.2845
51.2834
51.2823
51.2813
51.2802
51.2791
51.278
51.277
51.2759
51.2748
51.2737
51.2726
51.2716
51.2705
51.2694
51.2683
51.2673
51.2662
51.2651
51.264
51.263
51.2619
51.2608
51.2597
51.2587
51.2576
51.2565
51.2554
51.2544
51.2533
51.2522
51.2511
51.2501
51.249
51.2479
51.2468
51.2458
51.2447
51.2436
51.2425
51.2414
51.2404
51.2393
51.2382
51.2371
51.2361
51.235
51.2339
51.2328
51.2318
51.2307
51.2296
51.2285
51.2275
51.2264
51.2253
51.2242
51.2232
51.2221
51.221
51.2199
51.2189
51.2178
51.2167
51.2156
51.2146
51.2135
51.2124
51.2113
51.2103
51.2092
51.2081
51.207
51.206
51.2049
51.2038
51.2027
51.2017
51.2006
51.1995
51.1984
51.1974
51.1963
51.1952
51.1941
51.1931
51.192
51.1909
51.1899
51.1888
51.1877
51.1866
51.1856
51.1845
51.1834
51.1823
51.1813
51.1802
51.1791
51.178
51.177
51.1759
51.1748
51.1737
51.1727
51.1716
51.1705
51.1694
51.1684
51.1673
51.1662
51.1651
51.1641
51.163
51.1619
51.1609
51.1598
51.1587
51.1576
51.1566
51.1555
51.1544
51.1533
51.1523
51.1512
51.1501
51.149
51.148
51.1469
51.1458
51.1447
51.1437
51.1426
51.1415
51.1405
51.1394
51.1383
51.1372
51.1362
51.1351
51.134
51.1329
51.1319
51.1308
51.1297
51.1287
51.1276
51.1265
51.1254
51.1244
51.1233
51.1222
51.1211
51.1201
51.119
51.1179
51.1168
51.1158
51.1147
51.1136
51.1126
51.1115
51.1104
51.1093
51.1083
51.1072
51.1061
51.105
51.104
51.1029
51.1018
51.1008
51.0997
51.0986
51.0975
51.0965
51.0954
51.0943
51.0932
51.0922
51.0911
51.09
51.089
51.0879
51.0868
51.0857
51.0847
51.0836
51.0825
51.0815
51.0804
51.0793
51.0782
51.0772
51.0761
51.075
51.074
51.0729
51.0718
51.0707
51.0697
51.0686
51.0675
51.0664
51.0654
51.0643
51.0632
51.0622
51.0611
51.06
51.0589
51.0579
51.0568
51.0557
51.0547
51.0536
51.0525
51.0514
51.0504
51.0493
51.0482
51.0472
51.0461
51.045
51.0439
51.0429
51.0418
51.0407
51.0397
51.0386
51.0375
51.0364
51.0354
51.0343
51.0332
51.0322
51.0311
51.03
51.0289
51.0279
51.0268
51.0257
51.0247
51.0236
51.0225
51.0214
51.0204
51.0193
51.0182
51.0172
51.0161
51.015
51.014
51.0129
51.0118
51.0107
51.0097
51.0086
51.0075
51.0065
51.0054
51.0043
51.0032
51.0022
51.0011
51
50.999
50.9979
50.9968
50.9958
50.9947
50.9936
50.9925
50.9915
50.9904
50.9893
50.9883
50.9872
50.9861
50.9851
50.984
50.9829
50.9818
50.9808
50.9797
50.9786
50.9776
50.9765
50.9754
50.9744
50.9733
50.9722
50.9711
50.9701
50.969
50.9679
50.9669
50.9658
50.9647
50.9637
50.9626
50.9615
50.9604
50.9594
50.9583
50.9572
50.9562
50.9551
50.954
50.953
50.9519
50.9508
50.9497
50.9487
50.9476
50.9465
50.9455
50.9444
50.9433
50.9423
50.9412
50.9401
50.9391
50.938
50.9369
50.9359
50.9348
50.9337
50.9326
50.9316
50.9305
50.9294
50.9284
50.9273
50.9262
50.9252
50.9241
50.923
50.922
50.9209
50.9198
50.9188
50.9177
50.9166
50.9155
50.9145
50.9134
50.9123
50.9113
50.9102
50.9091
50.9081
50.907
50.9059
50.9049
50.9038
50.9027
50.9017
50.9006
50.8995
50.8984
50.8974
50.8963
50.8952
50.8942
50.8931
50.892
50.891
50.8899
50.8888
50.8878
50.8867
50.8856
50.8846
50.8835
50.8824
50.8814
50.8803
50.8792
50.8782
50.8771
50.876
50.875
50.8739
50.8728
50.8717
50.8707
50.8696
50.8685
50.8675
50.8664
50.8653
