0.340942
0.339109
0.337286
0.335473
0.33367
0.331876
0.330092
0.328318
0.326553
0.324798
0.323052
0.321315
0.319588
0.31787
0.316162
0.314462
0.312772
0.31109
0.309418
0.307755
0.306101
0.304455
0.302818
0.301191
0.299572
0.297961
0.29636
0.294767
0.293182
0.291606
0.290039
0.28848
0.286929
0.285386
0.283852
0.282327
0.280809
0.279299
0.277798
0.276305
0.27482
0.273342
0.271873
0.270411
0.268958
0.267512
0.266074
0.264644
0.263221
0.261806
0.260399
0.258999
0.257607
0.256222
0.254845
0.253475
0.252112
0.250757
0.249409
0.248069
0.246735
0.245409
0.24409
0.242778
0.241473
0.240175
0.238883
0.237599
0.236322
0.235052
0.233788
0.232532
0.231282
0.230038
0.228802
0.227572
0.226349
0.225132
0.223922
0.222718
0.221521
0.22033
0.219146
0.217968
0.216796
0.215631
0.214472
0.213319
0.212172
0.211031
0.209897
0.208769
0.207647
0.20653
0.20542
0.204316
0.203218
0.202125
0.201039
0.199958
0.198883
0.197814
0.196751
0.195693
0.194641
0.193595
0.192554
0.191519
0.19049
0.189466
0.188447
0.187434
0.186427
0.185425
0.184428
0.183436
0.18245
0.18147
0.180494
0.179524
0.178559
0.177599
0.176644
0.175695
0.17475
0.173811
0.172877
0.171947
0.171023
0.170104
0.169189
0.16828
0.167375
0.166476
0.165581
0.164691
0.163805
0.162925
0.162049
0.161178
0.160312
0.15945
0.158593
0.15774
0.156892
0.156049
0.15521
0.154376
0.153546
0.152721
0.1519
0.151083
0.150271
0.149463
0.14866
0.147861
0.147066
0.146275
0.145489
0.144707
0.143929
0.143155
0.142386
0.141621
0.140859
0.140102
0.139349
0.1386
0.137855
0.137114
0.136377
0.135644
0.134915
0.134189
0.133468
0.132751
0.132037
0.131327
0.130621
0.129919
0.129221
0.128526
0.127835
0.127148
0.126465
0.125785
0.125109
0.124436
0.123767
0.123102
0.12244
0.121782
0.121127
0.120476
0.119829
0.119185
0.118544
0.117907
0.117273
0.116642
0.116015
0.115392
0.114771
0.114155
0.113541
0.112931
0.112324
0.11172
0.111119
0.110522
0.109928
0.109337
0.108749
0.108165
0.107583
0.107005
0.10643
0.105858
0.105288
0.104723
0.10416
0.1036
0.103043
0.102489
0.101938
0.10139
0.100845
0.100303
0.0997637
0.0992274
0.0986941
0.0981635
0.0976359
0.097111
0.096589
0.0960698
0.0955534
0.0950397
0.0945289
0.0940207
0.0935153
0.0930126
0.0925126
0.0920153
0.0915207
0.0910288
0.0905394
0.0900527
0.0895687
0.0890872
0.0886083
0.088132
0.0876583
0.0871871
0.0867184
0.0862522
0.0857886
0.0853274
0.0848688
0.0844126
0.0839588
0.0835075
0.0830586
0.0826121
0.082168
0.0817264
0.081287
0.0808501
0.0804155
0.0799832
0.0795533
0.0791256
0.0787003
0.0782772
0.0778565
0.077438
0.0770217
0.0766077
0.0761959
0.0757863
0.0753789
0.0749737
0.0745707
0.0741698
0.0737711
0.0733746
0.0729802
0.0725879
0.0721977
0.0718096
0.0714236
0.0710396
0.0706578
0.070278
0.0699002
0.0695244
0.0691507
0.068779
0.0684093
0.0680415
0.0676758
0.067312
0.0669502
0.0665903
0.0662323
0.0658763
0.0655222
0.06517
0.0648196
0.0644712
0.0641247
0.06378
0.0634371
0.0630961
0.0627569
0.0624196
0.0620841
0.0617503
0.0614184
0.0610882
0.0607599
0.0604333
0.0601084
0.0597853
0.0594639
0.0591443
0.0588263
0.0585101
0.0581956
0.0578828
0.0575716
0.0572622
0.0569544
0.0566482
0.0563437
0.0560408
0.0557396
0.0554399
0.0551419
0.0548455
0.0545507
0.0542575
0.0539658
0.0536757
0.0533872
0.0531002
0.0528148
0.0525309
0.0522485
0.0519676
0.0516883
0.0514104
0.0511341
0.0508592
0.0505858
0.0503139
0.0500434
0.0497744
0.0495069
0.0492407
0.0489761
0.0487128
0.0484509
0.0481905
